3276.8 64                                                                       
0.01 re                                                                         
1.0E-10 ratc                                                                    
1.0E-5 ratl                                                                     
0.01                                                                            
0 64                                                                            
9 nzone                                                                         
3479.5 3631.0 7.9565 -6.4761 5.5283 -3.0807                                     
8.018341 -1.349895 0.0 0.0                                                      
8.018341 -1.349895 0.0 0.0 312.0                                                
3631.0 5611.0 7.9565 -6.4761 5.5283 -3.0807                                     
12.213901 -18.573085 24.557329 -12.728015                                       
12.213901 -18.573085 24.557329 -12.728015 312.0                                 
5611.0 5711.0 7.9565 -6.4761 5.5283 -3.0807                                     
20.208945 -15.895645 0.0 0.0                                                    
20.208945 -15.895645 0.0 0.0 312.0                                              
5711.0 5961.0 5.3197 -1.4836 0.0 0.0                                            
17.71732 -13.50652 0.0 0.0                                                      
17.71732 -13.50652 0.0 0.0 143.0                                                
5961.0 6161.0 11.2494 -8.0298 0.0 0.0                                           
15.212335 -11.053685 0.0 0.0                                                    
15.212335 -11.053685 0.0 0.0 143.0                                              
6161.0 6251.0 7.1089 -3.8045 0.0 0.0                                            
5.7502 -1.2742 0.0 0.0                                                          
5.7502 -1.2742 0.0 0.0 80.0                                                     
6251.0 6336.6 2.691 0.6924 0.0 0.0                                              
5.970824 -1.499059 0.0 0.0                                                      
5.970824 -1.499059 0.0 0.0 600.0                                                
6336.6 6351.0 2.691 0.6924 0.0 0.0                                              
3.85 0.0 0.0 0.0                                                                
3.85 0.0 0.0 0.0 600.0                                                          
6351.0 6371.0 2.9 0.0 0.0 0.0                                                   
3.46 0.0 0.0 0.0                                                                
3.46 0.0 0.0 0.0 600.0                                                          
6195.2 -1.600000023841858 -78.05000305175781 r0(km), lat, lon (deg)             
-0.193 0.0998 -0.148 0.0571 -0.141 0.136 Moment Tensor (1.e25 dyne cm)          
3 nsta                                                                          
32.88890075683594 -117.1051025390625                                            
32.700599670410156 -112.22789764404297                                          
32.561798095703125 -111.7042007446289                                           
AK135/109C_TA.200702131456ASH.spc                                               
AK135/115A_TA.200702131456ASH.spc                                               
AK135/116A_TA.200702131456ASH.spc                                               
