3487.275682 16.478199 -5.078568 7.631399 -0.974520 6.828634 -2.263231
3500.240465 16.962323 -5.958884 7.846981 -1.366528 7.020301 -2.611752
3513.770252 16.932457 -5.904785 7.829732 -1.335284 7.008124 -2.589696
3527.887093 17.054634 -6.125207 7.884899 -1.434812 7.055231 -2.674683
3542.604767 16.880127 -5.811684 7.807694 -1.296103 6.984664 -2.547900
3557.939812 17.003426 -6.032251 7.869934 -1.407443 7.031006 -2.630800
3573.903252 16.342561 -4.855323 8.509854 -2.547069 8.770436 -5.728532
3590.497843 16.650666 -5.401488 8.100891 -1.822117 7.701679 -3.833991
3607.723585 15.462968 -3.306160 8.967273 -3.350583 10.249999 -8.329722
3625.574966 17.947734 -7.668185 7.318724 -0.456544 5.215750 0.507940
3644.035450 17.404953 -6.720156 7.738750 -1.190167 6.388958 -1.541203
3663.096767 13.408281 0.224165 10.585156 -6.135870 15.009656 -16.519886
3682.725845 21.300891 -13.416352 5.216883 3.141926 -1.602026 12.189495
3702.900635 13.334374 0.276880 10.836828 -6.517907 15.672329 -17.502500
3723.582550 16.507147 -5.146343 8.523953 -2.564506 8.595764 -5.406519
3744.749542 17.947507 -7.594437 7.611814 -1.014200 5.624002 -0.355595
3766.352001 16.570850 -5.268037 8.615477 -2.710280 8.723072 -5.592684
3788.351341 17.745878 -7.242175 7.916540 -1.536012 6.354373 -1.613087
3810.720001 18.035851 -7.726491 7.715771 -1.200685 5.636023 -0.413287
3833.408371 16.564249 -5.283146 8.698930 -2.833053 8.912521 -5.853357
3856.394402 17.037560 -6.064316 8.464062 -2.445419 8.079626 -4.478718
3879.628483 17.438614 -6.722265 8.057615 -1.778623 6.836437 -2.439205
3903.094078 15.832499 -4.103194 9.042519 -3.384692 10.421587 -8.285462
3926.752602 19.225371 -9.602571 7.141203 -0.302922 3.353980 3.170155
3950.587517 16.589651 -5.356208 8.590105 -2.637223 8.884844 -5.740526
3974.565750 17.410390 -6.670509 8.069133 -1.802957 7.025203 -2.762565
3998.670765 15.470930 -3.583451 9.124134 -3.482213 11.316789 -9.593526
4022.886024 16.979462 -5.970143 8.235153 -2.075730 7.995600 -4.338977
4047.194992 18.259017 -7.982405 7.440355 -0.825810 4.924006 0.491492
4071.586643 17.593642 -6.942287 7.855756 -1.475167 6.555736 -2.059237
4096.044441 15.216870 -3.249090 8.946825 -3.170548 11.555310 -9.827930
4120.562874 16.987845 -5.984582 8.062254 -1.804218 7.764187 -3.972065
4145.125404 17.476837 -6.735417 7.936206 -1.610673 7.023105 -2.834154
4169.732033 18.229511 -7.884306 7.554326 -1.027769 5.211021 -0.068170
4194.377247 16.273958 -4.916867 8.421748 -2.344031 9.416165 -6.449232
4219.050022 17.685959 -7.046967 7.999986 -1.707774 6.864106 -2.599278
4243.750359 18.402965 -8.122325 7.741660 -1.320340 5.236984 -0.158940
4268.467232 17.477016 -6.741639 8.222995 -2.038060 7.411020 -3.400652
4293.206154 17.813799 -7.240924 8.336444 -2.206250 7.266286 -3.186082
4317.961613 17.685721 -7.052135 8.508865 -2.460400 7.793920 -3.963821
4342.728096 19.419484 -9.593146 8.042273 -1.776560 4.116829 1.425342
4367.505604 15.372660 -3.695749 9.292159 -3.598007 12.781414 -11.201475
4392.288624 18.189982 -7.778239 8.656089 -2.676299 7.399584 -3.402837
4417.088181 21.031246 -11.872308 8.139459 -1.931870 1.761538 4.721204
4441.887737 17.357764 -6.608623 9.029671 -3.207444 9.475663 -6.332268
4466.692806 17.031719 -6.144030 8.990627 -3.151808 9.900392 -6.937476
4491.503387 19.179587 -9.187686 8.652772 -2.673048 5.602788 -0.847519
4516.319481 17.204091 -6.403675 8.994687 -3.154899 9.947385 -6.970239
4541.135574 17.883282 -7.355608 8.874497 -2.986444 8.586817 -5.063307
4565.957180 20.999204 -11.699054 8.708716 -2.755354 2.595899 3.287745
4590.778786 17.738982 -7.179034 8.961769 -3.106190 9.120711 -5.758352
4615.605904 18.418964 -8.116699 8.881364 -2.995316 7.505520 -3.531073
4640.433022 17.772688 -7.230280 8.919154 -3.047147 8.964254 -5.531842
4665.260139 19.553850 -9.660286 9.055182 -3.232727 5.968182 -1.444360
4690.092770 19.354763 -9.390113 9.126423 -3.329406 6.525562 -2.200756
4714.919888 18.716274 -8.528209 9.124789 -3.327200 7.872872 -4.019506
4739.752518 19.086767 -9.025721 9.192594 -3.418251 7.303047 -3.254323
4764.585148 19.084784 -9.023073 9.175942 -3.396007 7.076837 -2.952141
4789.417778 18.852822 -8.714815 9.155434 -3.368753 7.592162 -3.636965
4814.250408 20.068659 -10.322223 9.433781 -3.736745 5.743860 -1.193400
4839.083038 18.460298 -8.206787 9.113857 -3.315956 8.745298 -5.141116
4863.915668 20.852442 -11.337050 9.675267 -4.050595 4.447689 0.482563
4888.748299 16.120993 -5.177116 8.420829 -2.417426 12.677875 -10.232423
4913.580929 19.494770 -9.547281 9.276741 -3.526118 6.612768 -2.376088
4938.419071 19.393987 -9.417391 9.279150 -3.529223 7.193274 -3.124255
4963.251701 20.173931 -10.417567 9.557058 -3.885603 5.906083 -1.473600
4988.084332 19.412942 -9.446556 9.328237 -3.593630 7.347244 -3.312500
5012.916962 19.627111 -9.718479 9.429308 -3.721957 7.109719 -3.010924
5037.749592 18.758920 -8.621601 9.094217 -3.298602 8.396598 -4.636775
5062.582222 19.001320 -8.926348 9.202609 -3.434872 8.150304 -4.327132
5087.414852 18.837040 -8.720822 9.139697 -3.356165 8.988877 -5.376247
5112.247482 19.627162 -9.704521 9.508603 -3.815452 7.846399 -3.953867
5137.080112 21.266651 -11.735809 10.345073 -4.851818 5.276312 -0.769589
5161.907230 20.491255 -10.779733 10.012943 -4.442296 6.758151 -2.596723
5186.739861 19.588427 -9.671859 9.575327 -3.905292 7.738265 -3.799435
5211.566978 16.483649 -5.880090 7.875215 -1.828997 11.024139 -7.812371
5236.394096 20.242467 -10.448852 9.864323 -4.246716 7.398773 -3.405817
5261.221214 20.349049 -10.577789 9.968195 -4.372374 6.701394 -2.562167
5286.042820 20.202865 -10.401774 9.931435 -4.328113 6.623147 -2.467952
5310.864426 20.855335 -11.183717 10.058776 -4.480722 9.331041 -5.713187
5335.680519 20.791365 -11.107411 10.134336 -4.570855 7.920459 -4.030559
5360.496613 20.999655 -11.354721 10.584273 -5.105082 4.446118 0.094661
5385.307194 21.064175 -11.430975 10.290604 -4.758005 8.164640 -4.300144
5410.112263 21.103334 -11.477043 10.312932 -4.784272 8.152151 -4.285451
5434.911819 20.989052 -11.343210 9.914053 -4.317153 10.793803 -7.379040
5459.711376 21.055455 -11.420621 10.551747 -5.060551 6.000732 -1.791460
5484.494396 20.935044 -11.280885 10.251589 -4.712220 7.769520 -3.844129
5509.271904 21.478308 -11.908503 10.638551 -5.159268 7.561854 -3.604218
5534.038387 44.859680 -38.799532 29.212999 -26.521830 15.699447 -12.963302
5558.793846 31.355303 -23.337251 18.379459 -14.117611 12.572468 -9.382965
5583.532768 21.671717 -12.298835 10.692810 -5.355524 7.625042 -3.743345
5608.249641 24.180030 -15.145485 12.576236 -7.492998 9.180524 -5.508640
5632.949978 24.335055 -15.320648 12.855153 -7.808149 7.960285 -4.129879
5657.622753 19.135998 -9.471803 8.488513 -2.895757 7.959152 -4.128605
5682.267967 27.751997 -19.122607 18.112063 -13.675122 12.223582 -8.905206
5706.874596 82.346222 -80.010084 67.300312 -68.533458 43.440087 -43.720137
5731.437126 64.782337 -60.505501 50.508997 -49.886811 23.991099 -22.122160
5755.955559 37.198122 -30.003889 19.605600 -15.714969 16.035548 -13.325203
5780.413357 48.758781 -42.733154 29.656433 -26.781786 13.451298 -10.479725
5804.805008 33.174398 -25.645534 18.026081 -14.029595 11.507052 -8.347942
5829.113976 40.476729 -33.618842 20.916378 -17.185468 16.502279 -13.802157
5853.329235 39.726980 -32.803589 14.406197 -10.106504 17.535552 -14.925706
5877.434250 27.603734 -19.675221 11.910361 -7.403742 9.484721 -6.207391
5901.412483 60.628836 -55.293079 35.901469 -33.278359 14.014611 -11.092916
5925.247398 81.295679 -77.492786 48.356259 -46.656923 21.128598 -18.734549
5948.905922 23.200026 -15.336346 8.736264 -4.267558 8.058825 -4.751221
5972.371517 26.346292 -18.689305 9.902603 -5.510519 9.931534 -6.746957
5995.605598 25.608020 -17.905581 9.643947 -5.235939 9.397077 -6.179596
6018.591629 30.089004 -22.644269 13.117853 -8.909632 11.220340 -8.107717
6041.279999 42.852619 -36.091236 24.717426 -21.130234 9.506512 -6.302132
6063.648659 27.480815 -19.956182 9.943292 -5.622528 9.411048 -6.201928
6085.647999 23.918531 -16.230539 8.306111 -3.910268 7.857769 -4.577418
6107.250458 24.019708 -16.335981 8.333498 -3.938810 7.880028 -4.600615
6128.417450 27.366545 -19.811869 9.136132 -4.772393 9.617401 -6.404980
6149.099365 16.852649 -8.929292 4.242160 0.293192 8.123214 -4.858398
6169.274155 28.792879 -21.247803 9.352196 -4.978737 11.073864 -7.902529
6188.903233 32.286741 -24.840923 13.181764 -8.917099 6.323030 -3.016728
6207.964550 22.674968 -14.986439 6.943458 -2.521266 12.668355 -9.522281
6226.425034 28.371763 -20.809769 11.442504 -7.120244 11.072237 -7.890710
6244.276415 24.852943 -17.223074 7.193425 -2.789203 11.280391 -8.102880
6261.502157 2.789942 5.203641 -6.454841 11.084057 5.344411 -2.069043
6278.096748 -5.857873 13.970782 -11.678698 16.379995 3.325188 -0.021959
6294.060188 -3.752916 11.842192 -9.575103 14.252783 2.728185 0.581747
6309.395233 -26.614351 34.904106 -25.305115 30.120736 0.013774 3.319961
6324.112907 -51.662172 60.112776 -41.722529 46.643578 -3.808477 7.166758
6338.229748 -36.480469 44.867612 -31.307671 36.185184 -2.652859 6.006309
6351.759535 123.100347 -115.038929 75.137743 -70.477499 6.068560 -2.732911
6364.724318 15.389100 -5.318100 6.928400 1.467200 7.956900 -6.476100
