3487.275682 17.123561 -6.258534 8.356058 -2.299474 7.003762 -2.583433
3500.240465 17.598437 -7.122035 8.559962 -2.670248 7.192961 -2.927465
3513.770252 17.552468 -7.038767 8.523465 -2.604137 7.176473 -2.897600
3527.887093 17.651263 -7.217005 8.551063 -2.653927 7.217462 -2.971548
3542.604767 17.444526 -6.845578 8.436295 -2.447733 7.138061 -2.828895
3557.939812 17.528290 -6.995421 8.452788 -2.477237 7.173836 -2.892892
3573.903252 17.345480 -6.669856 8.641317 -2.812987 7.758743 -3.934547
3590.497843 15.857293 -4.031809 9.339639 -4.050872 10.311506 -8.459723
3607.723585 19.076827 -9.711693 7.138786 -0.168141 3.482179 3.588535
3625.574966 16.565984 -5.303888 8.807732 -3.097988 8.857272 -5.847481
3644.035450 14.744933 -2.123215 9.807262 -4.843781 12.425716 -12.080177
3663.096767 17.901522 -7.607870 7.693223 -1.170585 5.734696 -0.454357
3682.725845 16.567159 -5.301736 8.535229 -2.625793 8.625905 -5.451131
3702.900635 18.473533 -8.578504 7.275483 -0.460481 4.551569 1.552033
3723.582550 15.099973 -2.812075 9.067081 -3.522863 11.106332 -9.652030
3744.749542 17.093388 -6.200162 7.751194 -1.286330 6.841116 -2.402701
3766.352001 15.895985 -4.176681 8.347038 -2.293240 9.208735 -6.403720
3788.351341 17.628166 -7.086880 7.215869 -0.392788 5.493846 -0.162417
3810.720001 16.255534 -4.794287 7.793121 -1.356924 7.976181 -4.308452
3833.408371 16.264699 -4.809505 7.639000 -1.101031 7.791355 -4.001580
3856.394402 16.012784 -4.393736 7.659974 -1.135648 8.226388 -4.719573
3879.628483 16.541079 -5.260430 6.985555 -0.029230 6.422339 -1.759941
3903.094078 15.429929 -3.448492 7.523018 -0.905663 8.706394 -5.484519
3926.752602 16.087089 -4.513657 7.016190 -0.084166 7.210548 -3.059959
3950.587517 15.261717 -3.183914 7.316929 -0.568681 8.692704 -5.447835
3974.565750 15.902040 -4.209305 6.749365 0.340195 7.013050 -2.758099
3998.670765 14.045855 -1.254797 7.895536 -1.484177 11.202076 -9.425813
4022.886024 16.909148 -5.784895 5.932543 1.621532 4.592270 1.031751
4047.194992 13.379764 -0.234494 8.111980 -1.805908 12.261652 -11.029318
4071.586643 14.989185 -2.750349 7.172716 -0.337645 8.902615 -5.778455
4096.044441 17.416132 -6.521512 5.693762 1.960457 3.565649 2.514501
4120.562874 15.687709 -3.851745 7.280788 -0.490902 8.184950 -4.620586
4145.125404 16.217097 -4.664606 7.425043 -0.712401 7.861002 -4.123174
4169.732033 17.137963 -6.070226 7.156144 -0.301952 6.146302 -1.505837
4194.377247 18.082643 -7.503723 7.050054 -0.140967 4.710759 0.672516
4219.050022 17.479614 -6.594013 8.163348 -1.820446 7.398042 -3.381433
4243.750359 17.358960 -6.413058 8.594156 -2.466567 8.159567 -4.523558
4268.467232 17.989348 -7.353031 8.589308 -2.459338 7.320904 -3.273026
4293.206154 18.297974 -7.810572 8.867049 -2.871092 7.510114 -3.553532
4317.961613 18.752375 -8.480364 8.887548 -2.901307 6.923724 -2.689187
4342.728096 19.244430 -9.201522 8.749019 -2.698279 5.823927 -1.077318
4367.505604 19.065559 -8.940856 9.028101 -3.104982 6.547607 -2.131930
4392.288624 18.459332 -8.062391 9.506452 -3.798145 8.478339 -4.929692
4417.088181 19.425899 -9.455149 9.160276 -3.299329 6.393903 -1.926161
4441.887737 18.255348 -7.777882 9.625215 -3.965534 9.112365 -5.821410
4466.692806 18.236368 -7.750836 9.516173 -3.810157 8.879017 -5.488906
4491.503387 19.064529 -8.924389 9.269956 -3.461253 7.107260 -2.978223
4516.319481 20.441373 -10.864738 9.083899 -3.199048 4.581145 0.581761
4541.135574 18.382000 -7.978380 9.576547 -3.889530 9.056118 -5.690231
4565.957180 18.621863 -8.312738 9.523919 -3.816168 8.652541 -5.127663
4590.778786 20.182992 -10.477110 9.329418 -3.546509 5.464755 -0.708070
4615.605904 19.200672 -9.122532 9.415407 -3.665084 7.199449 -3.100139
4640.433022 18.843102 -8.632096 9.477884 -3.750777 8.100542 -4.336060
4665.260139 19.986754 -10.192359 9.517317 -3.804574 6.176444 -1.711050
4690.092770 18.765559 -8.535128 9.555863 -3.856883 8.717569 -5.159503
4714.919888 18.467724 -8.133076 9.515031 -3.801764 9.336592 -5.995129
4739.752518 21.191640 -11.790857 9.692233 -4.039717 4.105525 1.029352
4764.585148 22.114903 -13.024189 9.861855 -4.266305 2.088347 3.723979
4789.417778 16.808279 -5.972142 9.275384 -3.486936 12.388713 -9.964322
4814.250408 16.662355 -5.779221 9.141618 -3.310090 12.895042 -10.633718
4839.083038 19.736964 -9.823178 9.590144 -3.900025 7.140311 -3.064665
4863.915668 20.076090 -10.266944 9.681767 -4.019919 6.599248 -2.356652
4888.748299 20.039616 -10.219459 9.676228 -4.012708 6.404626 -2.103271
4913.580929 19.146326 -9.062350 9.461978 -3.735182 8.100321 -4.299761
4938.419071 20.043776 -10.219000 9.744544 -4.099359 6.913956 -2.770752
4963.251701 19.694379 -9.770944 9.657817 -3.988142 7.650291 -3.715006
4988.084332 18.773957 -8.596499 9.341930 -3.585075 9.371655 -5.911442
5012.916962 21.713325 -12.328511 10.429937 -4.966479 4.376733 0.430434
5037.749592 21.202053 -11.682566 10.325269 -4.834242 5.085494 -0.465018
5062.582222 19.224515 -9.196388 9.559045 -3.870938 8.669544 -4.970919
5087.414852 20.896178 -11.287759 10.292492 -4.788533 6.272460 -1.971993
5112.247482 21.246878 -11.724379 10.502567 -5.050075 5.810351 -1.396669
5137.080112 20.971507 -11.383201 10.414180 -4.940566 6.390237 -2.115134
5161.907230 18.249596 -8.027035 9.020865 -3.222583 11.069006 -7.884140
5186.739861 18.808865 -8.713322 9.254654 -3.509469 9.492564 -5.949665
5211.566978 17.639946 -7.285759 8.671701 -2.797527 7.805736 -3.889596
5236.394096 20.576360 -10.854907 10.283364 -4.756468 4.715870 -0.133929
5261.221214 20.589298 -10.870558 10.248963 -4.714852 6.598446 -2.411363
5286.042820 20.153386 -10.345693 9.620890 -3.958613 13.270615 -10.445068
5310.864426 21.200573 -11.600678 10.535560 -5.054785 6.519743 -2.354590
5335.680519 21.021363 -11.386906 10.364652 -4.850916 7.995031 -4.114403
5360.496613 21.111362 -11.493765 10.480637 -4.988630 7.462034 -3.481555
5385.307194 21.286246 -11.700455 10.369666 -4.857476 9.586166 -5.991999
5410.112263 21.699870 -12.187063 11.289113 -5.939160 3.608762 1.040115
5434.911819 21.435544 -11.877515 10.435971 -4.940060 10.078960 -6.537013
5459.711376 21.298035 -11.717213 10.344466 -4.833387 10.132013 -6.598861
5484.494396 21.604310 -12.072643 11.091509 -5.700327 6.106581 -1.927370
5509.271904 23.624031 -14.405976 12.059808 -6.818978 10.836148 -7.391320
5534.038387 48.606957 -43.138960 32.540410 -30.373818 15.029787 -12.214445
5558.793846 35.641535 -28.293772 22.447023 -18.817062 8.225171 -4.423276
5583.532768 22.373495 -13.169402 11.237386 -6.039085 8.737840 -5.007672
5608.249641 24.608704 -15.706111 12.853688 -7.873404 10.495395 -7.002297
5632.949978 11.570847 -0.974511 2.006115 4.383373 8.333859 -4.559957
5657.622753 28.296983 -19.791114 16.672785 -12.116368 8.502843 -4.750060
5682.267967 36.264231 -28.715251 26.715011 -23.364694 14.556305 -11.530561
5706.874596 85.130287 -83.214254 68.298038 -69.741130 39.097477 -38.900672
5731.437126 60.401472 -55.753062 42.683167 -41.295978 23.765327 -21.874417
5755.955559 46.419671 -40.292501 31.881438 -29.351824 11.654070 -8.482234
5780.413357 25.955579 -17.759803 10.979913 -6.337475 13.521135 -10.538031
5804.805008 30.750052 -23.016741 15.278059 -11.050212 12.352724 -9.256917
5829.113976 36.905453 -29.737733 19.715768 -15.895681 13.981938 -11.035832
5853.329235 46.221428 -39.867628 16.927974 -12.864323 23.705477 -21.608899
5877.434250 29.152684 -21.383738 13.216024 -8.844620 9.440215 -6.160924
5901.412483 69.359123 -64.746730 40.909228 -38.711979 17.405884 -14.751967
5925.247398 69.889954 -65.316933 39.828322 -37.550903 19.512258 -17.014571
5948.905922 26.419823 -18.808314 9.396759 -4.992225 10.865895 -7.763842
5972.371517 20.764217 -12.781164 7.368783 -2.831022 6.623514 -3.242760
5995.605598 19.770189 -11.725940 7.144082 -2.592487 5.802038 -2.370710
6018.591629 32.906539 -25.617768 14.792430 -10.680696 12.538069 -9.494133
6041.279999 41.230626 -34.387519 23.968506 -20.348050 8.769551 -5.523852
6063.648659 26.274793 -18.689091 9.273075 -4.922954 9.049167 -5.817352
6085.647999 27.873309 -20.360912 9.452107 -5.110196 10.068746 -6.883687
6107.250458 30.289573 -22.879042 10.085010 -5.769781 11.281786 -8.147867
6128.417450 24.628595 -16.999782 8.574731 -4.201267 7.870933 -4.605494
6149.099365 22.148988 -14.433224 6.545700 -2.101086 9.182757 -5.963319
6169.274155 21.499812 -13.763482 5.610953 -1.136725 10.252205 -7.066649
6188.903233 27.925766 -20.371991 10.844635 -6.519091 5.520078 -2.200086
6207.964550 19.905731 -12.149439 6.227376 -1.785239 10.512467 -7.318540
6226.425034 18.158181 -10.363073 3.399866 1.105074 12.405765 -9.253891
6244.276415 15.106571 -7.252599 1.664639 2.873772 7.572997 -4.327902
6261.502157 -3.010965 11.163608 -10.304006 15.039723 4.962021 -1.673884
6278.096748 -2.452429 10.597365 -9.318475 14.040594 3.500907 -0.192609
6294.060188 -9.652933 17.878710 -13.736885 18.508609 2.099473 1.224559
6309.395233 -15.479375 23.756246 -17.711797 22.518379 1.083736 2.249204
6324.112907 -22.011884 30.330704 -21.716659 26.548959 -0.233555 3.574954
6338.229748 196.920513 -189.516857 128.158129 -123.952324 31.311000 -28.101461
6351.759535 103.923113 -96.329637 59.379313 -55.033121 -3.137400 6.417253
6364.724318 15.389100 -5.318100 6.928400 1.467200 7.956900 -6.476100
