3487.275682 14.611335 -1.665173 5.536969 2.854972 6.321847 -1.336618
3500.240465 12.013612 3.058442 8.268608 -2.112152 13.248123 -13.931136
3513.770252 17.482438 -6.847603 3.843743 5.902898 1.306672 7.699206
3527.887093 13.758329 -0.128873 7.159879 -0.079803 9.912018 -7.825854
3542.604767 13.554946 0.236530 7.194222 -0.141505 9.990570 -7.966983
3557.939812 15.857515 -3.882487 5.326253 3.200066 5.094086 0.792236
3573.903252 14.020564 -0.611082 7.238472 -0.205382 9.710690 -7.429424
3590.497843 9.500254 7.401881 11.498893 -7.757652 19.876927 -25.450683
3607.723585 9.751901 6.957927 11.429681 -7.635549 19.149356 -24.167106
3625.574966 19.343205 -9.879680 1.442894 9.896332 -3.397602 15.414249
3644.035450 12.794747 1.557950 8.753503 -2.872482 12.628835 -12.577754
3663.096767 14.377835 -1.192705 7.175582 -0.130804 8.935497 -6.160485
3682.725845 16.542481 -4.933785 4.996693 3.634892 4.068889 2.250300
3702.900635 16.662836 -5.140658 5.122565 3.418537 4.087750 2.217882
3723.582550 14.428472 -1.321456 8.365751 -2.125045 10.393104 -8.559868
3744.749542 16.407489 -4.685072 5.356726 2.989213 4.973094 0.652195
3766.352001 16.771043 -5.299439 5.168466 3.307353 4.532922 1.396037
3788.351341 16.410175 -4.693153 7.675929 -0.905380 7.467729 -3.534665
3810.720001 16.657955 -5.106998 7.753265 -1.034548 7.286929 -3.232691
3833.408371 16.763793 -5.282725 8.479350 -2.240088 8.043611 -4.489033
3856.394402 17.720382 -6.861512 6.698491 0.699102 5.266045 0.095157
3879.628483 17.293617 -6.161382 8.233784 -1.819623 7.250737 -3.160830
3903.094078 17.521419 -6.532856 8.468472 -2.202327 7.384265 -3.378573
3926.752602 18.097888 -7.467233 7.494983 -0.624434 5.828169 -0.856356
3950.587517 18.170747 -7.584614 7.712091 -0.974213 5.980870 -1.102369
3974.565750 17.866384 -7.097220 9.143534 -3.266474 7.896002 -4.169193
3998.670765 18.018064 -7.338650 10.041042 -4.695047 8.734932 -5.504526
4022.886024 18.969003 -8.843158 9.431057 -3.729972 6.656220 -2.215735
4047.194992 17.806526 -7.015016 9.890850 -4.453055 9.063366 -6.001275
4071.586643 18.602240 -8.258880 9.028848 -3.105569 7.166564 -3.036184
4096.044441 18.035349 -7.378004 9.776138 -4.266761 8.961533 -5.825335
4120.562874 19.172601 -9.134633 8.846856 -2.831369 6.217444 -1.586747
4145.125404 19.231583 -9.225198 9.177868 -3.339628 6.731363 -2.375854
4169.732033 18.841515 -8.629794 9.568385 -3.935717 7.712651 -3.873704
4194.377247 19.017826 -8.897335 9.576836 -3.948542 7.510641 -3.567166
4219.050022 20.253943 -10.762103 9.001008 -3.079866 5.061977 0.126811
4243.750359 18.103147 -7.536365 10.436295 -5.232491 10.168149 -7.531363
4268.467232 19.366306 -9.419865 9.699450 -4.133779 7.281028 -3.226368
4293.206154 19.900975 -10.212517 9.615471 -4.009279 6.516084 -2.092330
4317.961613 20.343459 -10.864744 9.501446 -3.841205 5.639671 -0.800488
4342.728096 19.766235 -10.018761 9.725263 -4.169232 6.696281 -2.349061
4367.505604 18.644876 -8.384615 10.132858 -4.763217 9.150658 -5.925801
4392.288624 19.643548 -9.831759 9.797920 -4.277869 7.202841 -3.103282
4417.088181 20.466192 -11.017133 9.513319 -3.867778 5.341360 -0.421013
4441.887737 18.621833 -8.374375 9.903796 -4.427289 9.066787 -5.759130
4466.692806 18.686810 -8.466963 9.633979 -4.042818 8.368851 -4.764620
4491.503387 18.123846 -7.669209 9.545402 -3.917299 9.217881 -5.967745
4516.319481 20.094383 -10.446234 9.176065 -3.396803 5.288957 -0.430822
4541.135574 19.471944 -9.573840 9.164361 -3.380398 6.300948 -1.849199
4565.957180 17.642614 -7.023842 9.203306 -3.434686 9.770322 -6.685340
4590.778786 20.517561 -11.009713 8.916638 -3.037245 3.855052 1.515680
4615.605904 17.667549 -7.079666 8.871427 -2.974901 8.899113 -5.439867
4640.433022 17.568767 -6.944179 8.765635 -2.829799 9.009406 -5.591142
4665.260139 18.828180 -8.662372 8.753977 -2.813894 6.738191 -2.492568
4690.092770 17.610989 -7.010574 8.651206 -2.674429 9.020752 -5.590134
4714.919888 19.191401 -9.143990 8.727360 -2.777229 5.993527 -1.503647
4739.752518 19.296112 -9.284600 8.795438 -2.868647 5.911083 -1.392938
4764.585148 17.815467 -7.306696 8.657105 -2.683857 8.593004 -4.975557
4789.417778 18.988817 -8.865977 8.898885 -3.005162 6.665085 -2.413519
4814.250408 18.878419 -8.720024 9.022297 -3.168320 7.490816 -3.505183
4839.083038 18.791635 -8.605880 9.090222 -3.257659 7.941648 -4.098152
4863.915668 19.344443 -9.329262 9.279445 -3.505268 7.195240 -3.121432
4888.748299 18.948660 -8.813987 9.219553 -3.427295 7.808612 -3.919989
4913.580929 20.776773 -11.182002 9.774569 -4.146225 4.707274 0.097277
4938.419071 17.909960 -7.487201 9.032971 -3.190441 10.422559 -7.268687
4963.251701 20.484398 -10.788582 9.833244 -4.216686 5.961227 -1.547608
4988.084332 19.300386 -9.277800 9.469466 -3.752511 8.180099 -4.378857
5012.916962 20.166364 -10.377302 9.786348 -4.154845 6.758049 -2.573331
5037.749592 19.684066 -9.767964 9.609807 -3.931801 7.335050 -3.302317
5062.582222 20.650060 -10.982420 10.033942 -4.465028 5.775484 -1.341617
5087.414852 19.122567 -9.071415 9.398868 -3.670504 8.901695 -5.252733
5112.247482 19.734038 -9.832694 9.665780 -4.002808 7.985412 -4.111965
5137.080112 20.126043 -10.318380 9.863826 -4.248183 7.466911 -3.469554
5161.907230 20.417374 -10.677596 10.031464 -4.454884 7.138784 -3.064968
5186.739861 19.518856 -9.575012 9.608495 -3.935852 7.689403 -3.740640
5211.566978 17.348447 -6.924358 8.488533 -2.568077 7.880737 -3.974310
5236.394096 20.352475 -10.575690 9.962814 -4.360035 8.651295 -4.910907
5261.221214 20.498506 -10.752350 10.112391 -4.540985 7.167718 -3.116160
5286.042820 20.412234 -10.648473 10.141028 -4.575465 6.762991 -2.628844
5310.864426 21.236226 -11.635974 10.581802 -5.103704 6.818370 -2.695212
5335.680519 21.076617 -11.445583 10.444112 -4.939459 8.002440 -4.107643
5360.496613 20.961834 -11.309297 10.096816 -4.527100 11.024177 -7.695468
5385.307194 21.411641 -11.840909 10.731853 -5.277631 6.635954 -2.509166
5410.112263 21.375809 -11.798755 10.539470 -5.051302 8.456662 -4.651136
5434.911819 21.434384 -11.867351 10.584197 -5.103681 8.367345 -4.546539
5459.711376 21.391522 -11.817383 10.885453 -5.454873 6.042235 -1.836014
5484.494396 21.240847 -11.642526 10.519720 -5.030443 8.100911 -4.225096
5509.271904 21.831016 -12.324334 10.572573 -5.091502 10.129078 -6.568186
5534.038387 43.674266 -37.446361 28.301261 -25.481352 14.647519 -11.764868
5558.793846 36.062877 -28.731450 22.567085 -18.915818 10.652693 -7.190860
5583.532768 17.049891 -7.058358 6.676452 -0.801929 8.928795 -5.225771
5608.249641 25.536923 -16.690173 13.741863 -8.820365 9.252179 -5.592775
5632.949978 20.370754 -10.852869 9.511819 -4.040797 8.033639 -4.215935
5657.622753 25.537224 -16.665056 14.057389 -9.154483 8.011821 -4.191391
5682.267967 23.541347 -14.429468 14.175694 -9.286996 11.759985 -8.389720
5706.874596 83.231021 -80.999763 66.808056 -67.986460 45.199164 -45.683539
5731.437126 65.252730 -61.034985 50.533837 -49.914043 23.390742 -21.465426
5755.955559 54.267180 -48.887568 35.194738 -32.952630 18.398917 -15.945650
5780.413357 36.708254 -29.553703 19.400073 -15.561367 13.006598 -10.008250
5804.805008 33.211759 -25.719944 17.205656 -13.155282 12.877291 -9.866471
5829.113976 38.514049 -31.509436 20.859271 -17.144610 13.208378 -10.227979
5853.329235 38.650743 -31.658073 11.950242 -7.457215 19.118577 -16.654542
5877.434250 30.946968 -23.315589 16.342658 -12.213800 6.525164 -3.017026
5901.412483 72.305221 -67.920822 39.709232 -37.414852 23.178969 -20.978299
5925.247398 75.770769 -71.643410 45.289949 -43.409492 18.558371 -16.014990
5948.905922 24.334548 -16.611885 9.658289 -5.287240 8.172500 -4.903165
5972.371517 23.188896 -15.390970 9.219766 -4.819908 7.110049 -3.770916
5995.605598 29.027244 -21.588755 11.268119 -6.994368 11.224802 -8.138994
6018.591629 33.129744 -25.927192 17.800650 -13.902589 8.405071 -5.157098
6041.279999 29.963463 -22.591391 16.095889 -12.106556 5.669287 -2.274843
6063.648659 25.326781 -17.724487 7.410238 -2.989641 9.911877 -6.728088
6085.647999 18.086884 -10.152581 5.577028 -1.072363 5.572012 -2.189205
6107.250458 28.474228 -20.977843 8.554525 -4.175388 11.271239 -8.128704
6128.417450 21.202531 -13.425755 6.516250 -2.058518 7.068918 -3.764345
6149.099365 16.653991 -8.717715 0.893204 3.761706 11.992028 -8.860089
6169.274155 19.291325 -11.438603 4.429992 0.112868 6.026170 -2.705225
6188.903233 15.487626 -7.526845 1.980236 2.632220 7.314996 -4.030666
6207.964550 7.942091 0.209226 0.088698 4.571521 4.300776 -0.940333
6226.425034 5.197605 3.014671 -5.424797 10.207480 7.399256 -4.107635
6244.276415 2.831845 5.426065 -7.083177 11.897850 7.606799 -4.319181
6261.502157 2.517337 5.745758 -6.528714 11.334247 5.063627 -1.734085
6278.096748 3.470455 4.779489 -5.095812 9.881572 2.677205 0.685266
6294.060188 -10.159707 18.562678 -15.205283 20.104544 6.974030 -3.659800
6309.395233 -6.838462 15.212308 -12.026115 16.897496 3.146201 0.201596
6324.112907 -8.489797 16.874247 -12.773178 17.649357 2.265677 1.087775
6338.229748 13.530727 -5.238325 1.880210 2.934716 2.073823 1.280430
6351.759535 224.985685 -217.124891 143.055883 -138.529115 -4.392887 7.760340
6364.724318 15.389100 -5.318100 6.928400 1.467200 7.956900 -6.476100
