   3276.8000000000002     
          64
   1.4053864092981234E-003   32.888900756835938       -117.10510253906250     
  -1.6000000238418579       -78.050003051757812        6195.1999999999998     
           0   0.0000000000000000        0.0000000000000000     
   0.0000000000000000        0.0000000000000000     
   0.0000000000000000        0.0000000000000000     
           1   0.0000000000000000        0.0000000000000000     
  -1.2241690631919557E-011   8.6016358147413881E-012
  -1.7975372174137180E-011   1.5368124035965114E-012
           2   0.0000000000000000        0.0000000000000000     
  -1.1826768146920924E-012   1.6471705844638868E-011
  -1.8122737389346610E-011   6.6683703120317935E-012
           3   0.0000000000000000        0.0000000000000000     
   1.3614320979554191E-011   6.5638074082425319E-012
  -8.3171330313013151E-012   8.5483201883934752E-012
           4   0.0000000000000000        0.0000000000000000     
   1.4456078863784846E-012  -1.0694762672791994E-011
  -1.2203674230208911E-011  -9.3209436637832800E-012
           5   0.0000000000000000        0.0000000000000000     
  -1.1506710711270919E-011   9.5625642269040050E-012
  -3.8154932785539186E-011   1.2879161848819810E-011
           6   0.0000000000000000        0.0000000000000000     
   1.7118124198009665E-011   1.2245288238851876E-011
   1.0414958421570517E-011   3.5621489156449202E-011
           7   0.0000000000000000        0.0000000000000000     
   4.0062455834565922E-012  -1.7613309755448142E-011
  -6.2355585309142381E-013  -3.8725077569220726E-011
           8   0.0000000000000000        0.0000000000000000     
  -1.1650613618145545E-011   1.1394628117695254E-011
  -6.3870103753926928E-011   3.3247439995740579E-011
           9   0.0000000000000000        0.0000000000000000     
   1.9207452034147134E-011   3.9539437652966287E-012
   4.4309999969706940E-011   4.3565619165513259E-011
          10   0.0000000000000000        0.0000000000000000     
  -4.9499254632671962E-012  -1.2849256874275643E-011
  -2.1365635334528261E-011  -5.4540473245564955E-011
          11   0.0000000000000000        0.0000000000000000     
   1.6393458177539854E-012   1.3084586961895138E-011
  -3.3281358468982426E-011   7.0631229278373636E-011
          12   0.0000000000000000        0.0000000000000000     
   9.9469376669181795E-012  -1.2109671638248362E-011
   3.5885966854766332E-011  -2.9751562242260998E-011
          13   0.0000000000000000        0.0000000000000000     
  -1.0692924330978927E-011   4.9836337431002765E-012
  -7.7222570841803786E-011   3.3253028607463753E-011
          14   0.0000000000000000        0.0000000000000000     
   1.8019170809595601E-011   1.8722304422282260E-012
   8.9270009641686799E-011   5.2938673711634935E-011
          15   0.0000000000000000        0.0000000000000000     
  -7.3777598637396644E-012  -1.6266644880578253E-011
  -6.2509088944024555E-011  -1.3621683728881316E-010
          16   0.0000000000000000        0.0000000000000000     
  -2.0656148188288825E-012   1.6245593877845284E-011
  -9.2675810984009153E-011   2.0443213687297269E-010
          17   0.0000000000000000        0.0000000000000000     
   1.7143684546552118E-011  -1.2137922315186371E-011
   2.2718392978519385E-010  -4.8117975626070812E-011
          18   0.0000000000000000        0.0000000000000000     
  -1.5066531180983451E-011  -4.5994988246986361E-012
  -1.9130252462876830E-010  -1.5144921922411272E-010
          19   0.0000000000000000        0.0000000000000000     
   9.6352064435082515E-012   7.7732635362550851E-012
  -3.1766619966762737E-011   2.9244154322269087E-010
          20   0.0000000000000000        0.0000000000000000     
  -3.3261858448135742E-013  -1.2862265622823020E-011
   2.3180531110712704E-010  -1.2792156535687226E-010
          21   0.0000000000000000        0.0000000000000000     
  -3.0269248382890824E-012   6.6018189790766611E-012
  -2.0511084747470648E-010  -7.0080064243452156E-011
          22   0.0000000000000000        0.0000000000000000     
   8.3905149185508577E-012  -9.8365536808934698E-012
   1.2491167939777910E-011   1.7778780558104561E-010
          23   0.0000000000000000        0.0000000000000000     
  -1.2111405818476857E-011   6.1563049784028267E-013
   1.1044571712477839E-010  -5.0418981340750906E-011
          24   0.0000000000000000        0.0000000000000000     
   1.3207407780012761E-011   4.0949799134137857E-012
  -5.0801631379242704E-011  -2.7820782252155754E-011
          25   0.0000000000000000        0.0000000000000000     
  -5.4275891747425645E-012  -1.5529644567924387E-011
  -2.3692581438731212E-011   7.8349676576530786E-012
          26   0.0000000000000000        0.0000000000000000     
  -5.1288765824153481E-012   1.0388921539978683E-011
   3.4265775934960266E-012   1.0776328024547923E-010
          27   0.0000000000000000        0.0000000000000000     
   1.1190594652466900E-011  -8.6354117526820617E-012
   9.6307661365064430E-011  -4.6975927699682622E-011
          28   0.0000000000000000        0.0000000000000000     
  -1.2238769228634705E-011  -4.2166968269786118E-012
  -7.3538511615218475E-011  -3.8256650202108888E-011
          29   0.0000000000000000        0.0000000000000000     
   8.4542896266601589E-012   3.5125580595112238E-012
  -2.5091087332213342E-011   9.9419436199538286E-011
          30   0.0000000000000000        0.0000000000000000     
  -6.0285402219965789E-012  -1.2964497909727295E-011
   6.4219646982830673E-011   1.3793431943565648E-011
          31   0.0000000000000000        0.0000000000000000     
  -4.1396385986599096E-012   1.0107845107404016E-011
   7.0827010042607229E-011  -2.5571803835942968E-011
          32   0.0000000000000000        0.0000000000000000     
   9.6008136289242755E-012  -1.0429153007984941E-011
  -1.2012284183154906E-010  -8.8271073587519507E-011
          33   0.0000000000000000        0.0000000000000000     
  -1.6213100255494036E-011  -2.9227266609993212E-012
  -6.3094610060189176E-013   2.3738409723648581E-010
          34   0.0000000000000000        0.0000000000000000     
   6.6953966026330092E-012   8.1100577366133543E-012
   2.7638509547524998E-010  -1.3038335718196183E-010
          35   0.0000000000000000        0.0000000000000000     
  -2.1898080662053568E-012  -1.2232189237615004E-011
  -3.0254203628111757E-010  -1.5102753828253725E-010
          36   0.0000000000000000        0.0000000000000000     
  -6.6333611109031215E-012   5.6235892965829289E-012
   1.0118072624692360E-010   3.7689457544058487E-010
          37   0.0000000000000000        0.0000000000000000     
   3.7644768495452618E-012  -5.4276049713923435E-012
   2.1606498304913289E-010  -2.9762128952223471E-010
          38   0.0000000000000000        0.0000000000000000     
  -9.8471381556561133E-012   1.9463211496673983E-012
  -3.0138802167373431E-010   6.5420230761366254E-011
          39   0.0000000000000000        0.0000000000000000     
   8.1497678617694770E-012   1.0661907168322225E-012
   2.5904955937739434E-010   1.2673225375643817E-010
          40   0.0000000000000000        0.0000000000000000     
  -9.6852422829136322E-012  -1.0095920456918332E-011
  -1.2580362273885825E-010  -2.0500630456960966E-010
          41   0.0000000000000000        0.0000000000000000     
  -4.6276112028702159E-012   1.1329209428735985E-011
   6.0673229482940798E-011   2.6550785324720268E-010
          42   0.0000000000000000        0.0000000000000000     
   7.4932516437611723E-012  -6.2914536824404814E-012
   1.3173167286764805E-010  -2.9892142739026977E-010
          43   0.0000000000000000        0.0000000000000000     
  -1.1398216000028013E-011  -2.7536117784261391E-012
  -3.1158195711745896E-010   1.8898582695031942E-010
          44   0.0000000000000000        0.0000000000000000     
   4.9089812865499422E-014   3.7752271291119397E-012
   4.2239177796500060E-010   7.5868851177253000E-011
          45   0.0000000000000000        0.0000000000000000     
  -3.5275971636243949E-012   2.3327479666292548E-013
  -2.3315770986630051E-010  -3.4158325243667000E-010
          46   0.0000000000000000        0.0000000000000000     
   2.5469673799489757E-012   5.0844657014135531E-013
  -2.4718908961057406E-011   3.8884459723365160E-010
          47   0.0000000000000000        0.0000000000000000     
  -8.0879665424555606E-012  -6.4829031457062068E-012
   2.6618291462413080E-010  -2.6692574448043126E-010
          48   0.0000000000000000        0.0000000000000000     
  -4.8982495753191809E-012   1.3314165759299791E-011
  -2.9631062888520067E-010   8.0299380872588835E-011
          49   0.0000000000000000        0.0000000000000000     
   9.8038411042941936E-012  -6.6428502287146240E-012
   2.9777918191893091E-010   4.1488483693348819E-011
          50   0.0000000000000000        0.0000000000000000     
  -1.6169057559083259E-011  -2.1069603386210676E-012
  -2.1542829590796002E-010  -1.7395564187716887E-010
          51   0.0000000000000000        0.0000000000000000     
   3.9137370231102273E-012   1.1622371337350087E-011
   1.1351743650511234E-010   2.5484598780975170E-010
          52   0.0000000000000000        0.0000000000000000     
  -5.6822494382343874E-013  -7.4439960973618096E-012
   7.8674858472330726E-011  -3.1526170152402380E-010
          53   0.0000000000000000        0.0000000000000000     
  -6.1559966510611432E-012   7.1516437809560386E-012
  -2.0037291921802122E-010   2.3227537872465450E-010
          54   0.0000000000000000        0.0000000000000000     
   3.1194204103615793E-012  -1.6382835774959361E-012
   3.0477522778886641E-010  -1.6602066316303798E-010
          55   0.0000000000000000        0.0000000000000000     
  -7.9926135558690268E-012   4.3612209152897482E-012
  -3.3272457246879473E-010  -3.8362270607653328E-012
          56   0.0000000000000000        0.0000000000000000     
   6.0482005721996289E-012   4.2968962314628694E-012
   3.3309886119785597E-010   2.0975817866310102E-010
          57   0.0000000000000000        0.0000000000000000     
  -5.2076613306872040E-012  -3.9154815496583012E-012
  -1.1546189424833872E-010  -4.7725787957905919E-010
          58   0.0000000000000000        0.0000000000000000     
  -2.4120718956965203E-012   7.7824027010575233E-012
  -2.5194895001313244E-010   4.7728527516396618E-010
          59   0.0000000000000000        0.0000000000000000     
   1.0884203373998295E-012   7.1399772958255887E-013
   5.0030664151434666E-010  -1.7272807048105996E-010
          60   0.0000000000000000        0.0000000000000000     
   4.3968286333081789E-013   2.9904208519927793E-012
  -3.2967013044788332E-010  -2.6694603763098531E-010
          61   0.0000000000000000        0.0000000000000000     
  -3.2454735317409896E-012  -2.4241512832415868E-012
  -8.6695760706359113E-011   2.7087507645991410E-010
          62   0.0000000000000000        0.0000000000000000     
  -3.5150104396672752E-012   1.1818110044682365E-011
   2.6135453394772314E-010   3.1406000696492049E-011
          63   0.0000000000000000        0.0000000000000000     
   1.0437356188546168E-011  -2.2760323532621181E-012
   7.2642239433424663E-011  -2.9717689014549146E-010
          64   0.0000000000000000        0.0000000000000000     
  -1.3227636998531632E-011  -8.4101075663172750E-013
  -4.7034875282992875E-010  -1.7664374693876332E-011
