   3276.8000000000002     
          64
   1.4053864092981234E-003   32.700599670410156       -112.22789764404297     
  -1.6000000238418579       -78.050003051757812        6195.1999999999998     
           0   0.0000000000000000        0.0000000000000000     
   0.0000000000000000        0.0000000000000000     
   0.0000000000000000        0.0000000000000000     
           1   0.0000000000000000        0.0000000000000000     
  -1.5647258414363012E-011   9.1907818830079573E-012
  -1.9352634265202190E-011   1.6220021993402011E-012
           2   0.0000000000000000        0.0000000000000000     
  -4.9982453212205340E-012   1.9086421241307446E-011
  -1.9428505333870934E-011   6.1408086900414086E-012
           3   0.0000000000000000        0.0000000000000000     
   1.3260301652857650E-011   1.2212518099707996E-011
  -1.1028962898676154E-011   8.3845482892136501E-012
           4   0.0000000000000000        0.0000000000000000     
   7.1750705596859828E-012  -1.0353827712643799E-011
  -1.2335378297001135E-011  -7.9475897179107741E-012
           5   0.0000000000000000        0.0000000000000000     
  -1.5571490222255338E-011   2.1228167698521269E-012
  -4.0473927972507033E-011   6.1490834921752344E-012
           6   0.0000000000000000        0.0000000000000000     
   7.8068591054915208E-012   2.2135270345920415E-011
  -6.5539970738131231E-012   4.3830263472548014E-011
           7   0.0000000000000000        0.0000000000000000     
   1.8628728278753246E-011  -1.1784115549322928E-011
   2.1939889176303193E-011  -2.0380558448772557E-011
           8   0.0000000000000000        0.0000000000000000     
  -1.6605492551451116E-011  -5.1630972114032769E-012
  -6.2336174156914032E-011  -1.0339742481904514E-011
           9   0.0000000000000000        0.0000000000000000     
   7.3416031395539677E-012   2.0574368509309211E-011
  -9.8842411176676745E-012   7.3467854214712688E-011
          10   0.0000000000000000        0.0000000000000000     
   1.5273153119195925E-011  -1.3970643805483651E-011
   4.1272634973745519E-011  -2.3808088377730328E-011
          11   0.0000000000000000        0.0000000000000000     
  -1.4841979702209173E-011   9.5684121657277650E-013
  -5.9161271839839122E-011   4.2904528081571440E-012
          12   0.0000000000000000        0.0000000000000000     
   1.4807864418145829E-011   1.0379900068082733E-011
   1.7907312678383030E-011   3.7385011686529602E-011
          13   0.0000000000000000        0.0000000000000000     
   7.3426884933229188E-013  -1.6736075954208136E-011
  -3.1295339667617009E-011  -2.9521842946050262E-011
          14   0.0000000000000000        0.0000000000000000     
  -8.9367490144504504E-012   1.2820128040364401E-011
  -2.9966306238821901E-011   1.0472262855695339E-010
          15   0.0000000000000000        0.0000000000000000     
   2.2240716301274888E-011  -2.1837245781355026E-012
   1.3146924738546438E-010  -6.1280033759448499E-011
          16   0.0000000000000000        0.0000000000000000     
  -1.3239562825825673E-011  -1.6688604159525783E-011
  -1.9461039442535092E-010  -7.4905083431850914E-011
          17   0.0000000000000000        0.0000000000000000     
  -6.3947978264146632E-013   2.0600985620697770E-011
   9.8198915066669062E-012   2.7463025437448893E-010
          18   0.0000000000000000        0.0000000000000000     
   2.0146421508755531E-011  -1.2614752443340042E-011
   2.7559456307084906E-010  -1.4633267912260918E-010
          19   0.0000000000000000        0.0000000000000000     
  -1.8666363392432757E-011  -9.5446649880030489E-012
  -3.2573649338186324E-010  -1.4808316814798312E-010
          20   0.0000000000000000        0.0000000000000000     
   7.6342413217709312E-012   1.7420808878413718E-011
   1.9456435449566117E-011   3.8333040235923267E-010
          21   0.0000000000000000        0.0000000000000000     
   9.3047156925356250E-012  -1.8164800064723016E-011
   3.1439284207536004E-010  -1.6015484771399583E-010
          22   0.0000000000000000        0.0000000000000000     
  -1.4773423590233792E-011   2.9811074140000441E-012
  -3.0426644726555150E-010  -1.7448607263160305E-010
          23   0.0000000000000000        0.0000000000000000     
   1.4042930243991658E-011   5.4699226223062650E-012
   1.5578977646199573E-011   3.3273348396746090E-010
          24   0.0000000000000000        0.0000000000000000     
  -3.8801685577358739E-012  -1.5840372027639085E-011
   2.0446827228159356E-010  -1.3533181410131819E-010
          25   0.0000000000000000        0.0000000000000000     
  -6.0988889055147520E-012   1.1905016665582423E-011
  -1.6395784581248183E-010  -4.4903476337394349E-011
          26   0.0000000000000000        0.0000000000000000     
   1.4101009742703722E-011  -7.8599378427332382E-012
   6.6028022535771900E-011   1.5153990926572719E-010
          27   0.0000000000000000        0.0000000000000000     
  -1.3126724093658565E-011  -7.0683560544505788E-012
   1.0048968901322385E-011  -1.3223218773063607E-010
          28   0.0000000000000000        0.0000000000000000     
   5.8168041303113194E-012   9.6869407732687384E-012
  -9.1093538093815354E-011   1.6809123164957245E-010
          29   0.0000000000000000        0.0000000000000000     
   3.6591226807908437E-012  -1.5606368303482022E-011
   2.1260841935651712E-010  -9.7949305925133729E-012
          30   0.0000000000000000        0.0000000000000000     
  -1.2964899466637291E-011   6.5414181020696781E-012
  -1.3577888098823673E-010  -2.0218195528644046E-010
          31   0.0000000000000000        0.0000000000000000     
   1.5445283442111523E-011  -7.2556982393064470E-013
  -1.1743808404108106E-010   2.9543475632756286E-010
          32   0.0000000000000000        0.0000000000000000     
  -1.2753123100167302E-011  -1.5546335122760574E-011
   3.2757522074681534E-010  -1.2917426892029695E-011
          33   0.0000000000000000        0.0000000000000000     
  -5.0079960563833889E-012   1.8817009527891705E-011
  -1.0512240192353321E-010  -2.6946747700349661E-010
          34   0.0000000000000000        0.0000000000000000     
   1.8564385250893492E-011  -1.2677562217461739E-011
  -2.1105567413780655E-010   2.1997998798038222E-010
          35   0.0000000000000000        0.0000000000000000     
  -2.3718443553424468E-011  -1.0375190491780977E-011
   2.8568866978497098E-010   1.4693939221931166E-010
          36   0.0000000000000000        0.0000000000000000     
   4.7698580378786275E-012   2.1501646416000343E-011
   6.6638406284787712E-011  -2.8023988033435616E-010
          37   0.0000000000000000        0.0000000000000000     
   1.2595565209352864E-011  -1.8313838864699475E-011
  -2.8725778639586109E-010   3.5700231750862578E-011
          38   0.0000000000000000        0.0000000000000000     
  -2.1860958929494166E-011  -1.3408508394752598E-012
   1.6952585850960959E-010   2.8548789095718794E-010
          39   0.0000000000000000        0.0000000000000000     
   9.8029836535239732E-012   1.2700173831408910E-011
   1.9768773040068599E-010  -2.6182035247017973E-010
          40   0.0000000000000000        0.0000000000000000     
  -8.9989036509843868E-013  -1.5273134402709100E-011
  -2.8529704299909694E-010  -2.0762460157597319E-011
          41   0.0000000000000000        0.0000000000000000     
  -9.9970699118389137E-012   7.7849321156126302E-012
   1.6084989608727589E-010   2.4343421085464057E-010
          42   0.0000000000000000        0.0000000000000000     
   9.3954550767156069E-012  -2.2794622225143434E-012
   9.1374028010713206E-011  -2.4652285832318006E-010
          43   0.0000000000000000        0.0000000000000000     
  -1.2819584918087996E-011  -6.9910816261006679E-012
  -1.9067333432496015E-010   1.2775469899705302E-010
          44   0.0000000000000000        0.0000000000000000     
   1.8404580183242091E-012   1.2768687452277556E-011
   2.7847978315822692E-010   2.4401447141811627E-011
          45   0.0000000000000000        0.0000000000000000     
   5.7432805761324083E-012  -1.1042241450588455E-011
  -1.8577126185987546E-010  -2.2508552580337171E-010
          46   0.0000000000000000        0.0000000000000000     
  -1.4892358691123826E-011  -3.0668724641756882E-013
  -6.2522717591433045E-012   3.3332305397959579E-010
          47   0.0000000000000000        0.0000000000000000     
   4.0755106078394704E-012   1.0359229261345037E-011
   3.2404725626044867E-010  -2.3011584841892625E-010
          48   0.0000000000000000        0.0000000000000000     
   1.6094513552816732E-012  -7.2038946378515273E-012
  -3.9121369755798858E-010  -9.1108336051501123E-011
          49   0.0000000000000000        0.0000000000000000     
  -6.0271109118863013E-012   1.2666144042243908E-013
   2.4463341926302105E-010   3.4012935972079675E-010
          50   0.0000000000000000        0.0000000000000000     
  -4.4811548654501333E-012   2.0940278394963718E-012
   8.2085800483923693E-011  -4.1228577065070546E-010
          51   0.0000000000000000        0.0000000000000000     
   8.5492748395955423E-013   6.3189404453941836E-012
  -3.1709537150256508E-010   2.2932735514097060E-010
          52   0.0000000000000000        0.0000000000000000     
   4.7045607304976426E-012  -5.7209408391865459E-012
   4.8137172035498598E-010   3.4671072271571971E-011
          53   0.0000000000000000        0.0000000000000000     
  -1.4019022531347122E-011  -1.7736885762432073E-012
  -3.5795754675495734E-010  -4.1839446974650859E-010
          54   0.0000000000000000        0.0000000000000000     
   4.0222111628173077E-012   1.5235899035083681E-011
  -4.0284593557900151E-012   5.8217080171131934E-010
          55   0.0000000000000000        0.0000000000000000     
   6.1649752151698009E-012  -1.0964463317743418E-011
   5.0024908476105943E-010  -3.8925553848326518E-010
          56   0.0000000000000000        0.0000000000000000     
  -1.4236477318446851E-011   3.3572341641257340E-012
  -6.2430742504202511E-010  -1.8167400013083447E-010
          57   0.0000000000000000        0.0000000000000000     
   7.6280441435824427E-012   8.7459418355124765E-012
   2.9368135959614610E-010   5.6152944290640042E-010
          58   0.0000000000000000        0.0000000000000000     
  -3.4876609090686418E-012  -7.7178278357928483E-012
   1.6835219943211179E-010  -5.3993696914454195E-010
          59   0.0000000000000000        0.0000000000000000     
  -3.0389619271484168E-012   1.0690084423986292E-011
  -3.5817517988281873E-010   1.8404608489395295E-010
          60   0.0000000000000000        0.0000000000000000     
   6.3210713972063601E-012  -5.7184619519718134E-012
   3.4158830941175596E-010   2.4004490228857202E-011
          61   0.0000000000000000        0.0000000000000000     
  -1.2744912185616765E-011   3.5284440753238467E-012
  -2.8826256467421269E-010  -2.4011192961511273E-010
          62   0.0000000000000000        0.0000000000000000     
   9.5777564351003621E-012   1.0624965287579978E-011
   1.7746139228421657E-010   4.4004025898181964E-010
          63   0.0000000000000000        0.0000000000000000     
  -8.0980765580682377E-013  -1.1198943948490959E-011
   2.0946418747978927E-010  -5.5624643719264586E-010
          64   0.0000000000000000        0.0000000000000000     
  -9.6626550178732436E-012   1.1271423717497505E-011
  -5.8108518433525932E-010   1.3182616557655039E-010
