   3276.8000000000002     
          64
   1.4053864092981234E-003   32.561798095703125       -111.70420074462891     
  -1.6000000238418579       -78.050003051757812        6195.1999999999998     
           0   0.0000000000000000        0.0000000000000000     
   0.0000000000000000        0.0000000000000000     
   0.0000000000000000        0.0000000000000000     
           1   0.0000000000000000        0.0000000000000000     
  -1.6067196479703588E-011   9.2523918025223949E-012
  -1.9598707590804840E-011   1.6332214943657292E-012
           2   0.0000000000000000        0.0000000000000000     
  -5.5077069469116566E-012   1.9399511408211585E-011
  -1.9693154763628956E-011   6.1263459913441670E-012
           3   0.0000000000000000        0.0000000000000000     
   1.3143511420374283E-011   1.3002153387112487E-011
  -1.1378603256289444E-011   8.5027200153486622E-012
           4   0.0000000000000000        0.0000000000000000     
   8.0338776447664197E-012  -1.0103119941712321E-011
  -1.2202503435586657E-011  -7.7583604246690570E-012
           5   0.0000000000000000        0.0000000000000000     
  -1.5719746992237557E-011   9.5174865011378225E-013
  -4.0726223638962115E-011   5.0540301675140669E-012
           6   0.0000000000000000        0.0000000000000000     
   6.1294921784511930E-012   2.2976714280296058E-011
  -9.2551892333674132E-012   4.4630462654577216E-011
           7   0.0000000000000000        0.0000000000000000     
   2.0297298687576185E-011  -1.0074819673783915E-011
   2.4370444257265336E-011  -1.6775782276735378E-011
           8   0.0000000000000000        0.0000000000000000     
  -1.5875341953769228E-011  -7.6929005795952141E-012
  -5.9650682790321614E-011  -1.5966219728105584E-011
           9   0.0000000000000000        0.0000000000000000     
   4.4404847890367299E-012   2.1560815128212823E-011
  -1.8866088374815157E-011   7.3754450685353518E-011
          10   0.0000000000000000        0.0000000000000000     
   1.7903508340856441E-011  -1.1927916583144300E-011
   4.6648962794038908E-011  -1.4637500791587953E-011
          11   0.0000000000000000        0.0000000000000000     
  -1.5013649601644356E-011  -2.3856247587803732E-012
  -5.5314132027817491E-011  -5.8032009318389297E-012
          12   0.0000000000000000        0.0000000000000000     
   1.2368216008956995E-011   1.3101463152338669E-011
   8.1310468737867017E-012   4.1734737023145756E-011
          13   0.0000000000000000        0.0000000000000000     
   4.7538528510349209E-012  -1.6846353601246533E-011
  -2.0625529974004207E-011  -2.7949476541384301E-011
          14   0.0000000000000000        0.0000000000000000     
  -1.2254371101357117E-011   9.7320778269532673E-012
  -4.3337413387637730E-011   9.5562549644732935E-011
          15   0.0000000000000000        0.0000000000000000     
   2.2131917017789928E-011   3.1922060329574007E-012
   1.3737755594180157E-010  -3.4650648552938545E-011
          16   0.0000000000000000        0.0000000000000000     
  -8.4836969542551360E-012  -2.0428106336946267E-011
  -1.6919960406312081E-010  -1.0649971824715395E-010
          17   0.0000000000000000        0.0000000000000000     
  -7.1419275903411593E-012   1.9221330849641356E-011
  -4.6589130236238937E-011   2.6951261437262523E-010
          18   0.0000000000000000        0.0000000000000000     
   2.3299516855922643E-011  -6.2049606428068198E-012
   3.0756565163664365E-010  -7.9690221361854143E-011
          19   0.0000000000000000        0.0000000000000000     
  -1.5558629441268283E-011  -1.6104723649160960E-011
  -2.7761375769235472E-010  -2.2263148709977525E-010
          20   0.0000000000000000        0.0000000000000000     
   6.4343541798873808E-013   1.9395050159478911E-011
  -8.0178905689905527E-011   3.7996041147051678E-010
          21   0.0000000000000000        0.0000000000000000     
   1.5401034080733573E-011  -1.4282330177836548E-011
   3.6421059775748013E-010  -6.6386334984805920E-011
          22   0.0000000000000000        0.0000000000000000     
  -1.6159774423472918E-011  -3.9023487209730807E-012
  -2.4919682113666448E-010  -2.6691566374910839E-010
          23   0.0000000000000000        0.0000000000000000     
   1.0172739739785842E-011   1.1452056595000715E-011
  -8.6255456982071509E-011   3.3804510316026274E-010
          24   0.0000000000000000        0.0000000000000000     
   3.3609660360442854E-012  -1.7354715638881264E-011
   2.6084533455938476E-010  -6.5225985210975394E-011
          25   0.0000000000000000        0.0000000000000000     
  -1.2548478775574869E-011   7.6856162482977471E-012
  -1.5007967943757967E-010  -1.1829929437054971E-010
          26   0.0000000000000000        0.0000000000000000     
   1.5655529594216571E-011   1.0444892896343361E-013
   1.4218337536703541E-011   1.9237647418463504E-010
          27   0.0000000000000000        0.0000000000000000     
  -8.2497077191395343E-012  -1.3762564974366004E-011
   7.8370448880943433E-011  -1.3644834259371702E-010
          28   0.0000000000000000        0.0000000000000000     
  -2.4239277836692390E-012   1.0893403301814759E-011
  -1.5788729458009893E-010   1.2023592336695996E-010
          29   0.0000000000000000        0.0000000000000000     
   1.0504302767911287E-011  -1.0571185028653095E-011
   2.2088787222242115E-010   9.0054095724180852E-011
          30   0.0000000000000000        0.0000000000000000     
  -1.4606789472616845E-011  -1.8902443787259772E-012
  -4.2448936049665558E-011  -2.7509568257077136E-010
          31   0.0000000000000000        0.0000000000000000     
   1.0855208542975185E-011   7.1057501951281552E-012
  -2.3982511537793013E-010   2.4951336396601053E-010
          32   0.0000000000000000        0.0000000000000000     
  -3.0895341320548869E-012  -1.8281562636347089E-011
   3.4567349296771253E-010   1.1776952770489893E-010
          33   0.0000000000000000        0.0000000000000000     
  -1.4804790413767497E-011   1.3225834135205724E-011
   4.0882626605816516E-013  -3.3316516238826114E-010
          34   0.0000000000000000        0.0000000000000000     
   2.1388780254693980E-011  -3.1060811334543599E-013
  -2.9640491630832630E-010   1.4935085022250088E-010
          35   0.0000000000000000        0.0000000000000000     
  -1.5402497667931510E-011  -2.1370021062182794E-011
   2.4231224488163158E-010   2.3519981028093696E-010
          36   0.0000000000000000        0.0000000000000000     
  -9.5516936864308070E-012   2.2053662909644337E-011
   1.5599578308552591E-010  -2.4808966507576041E-010
          37   0.0000000000000000        0.0000000000000000     
   2.2177725942614575E-011  -7.3623822729360249E-012
  -2.6579239316203553E-010  -7.1382207375625693E-011
          38   0.0000000000000000        0.0000000000000000     
  -1.9597256187120043E-011  -1.5301979795338624E-011
   3.8762209236543921E-011   3.0143761657757433E-010
          39   0.0000000000000000        0.0000000000000000     
  -1.2941871312632273E-012   1.9901037175331430E-011
   2.7908927940035828E-010  -1.3274892424899843E-010
          40   0.0000000000000000        0.0000000000000000     
   1.1039493429592391E-011  -1.2690357366395878E-011
  -2.0861509783741793E-010  -1.6823262017213867E-010
          41   0.0000000000000000        0.0000000000000000     
  -1.6466672068884704E-011  -1.5501534666050922E-012
  -1.0322956443952741E-011   2.6878089141595631E-010
          42   0.0000000000000000        0.0000000000000000     
   8.2180951360679544E-012   8.9190877144102004E-012
   2.2603565337050117E-010  -1.3255058077056097E-010
          43   0.0000000000000000        0.0000000000000000     
  -3.9246403213633678E-012  -1.4924083341671870E-011
  -2.0830998526110374E-010  -5.4328133332855846E-011
          44   0.0000000000000000        0.0000000000000000     
  -1.0663459486236083E-011   1.2049185086988311E-011
   1.5938502618718003E-010   1.8716777373685617E-010
          45   0.0000000000000000        0.0000000000000000     
   1.3777431065036945E-011  -8.7766566220596865E-013
   4.4342904218029670E-011  -2.6755157940671239E-010
          46   0.0000000000000000        0.0000000000000000     
  -1.2001564102159166E-011  -1.2764582907550454E-011
  -2.2732821986740014E-010   1.7416309420189182E-010
          47   0.0000000000000000        0.0000000000000000     
  -6.4756645470064670E-012   1.5309995658101283E-011
   3.5782404617395415E-010   7.9778339766931710E-011
          48   0.0000000000000000        0.0000000000000000     
   1.0172764249601952E-011  -3.0216275298714796E-012
  -1.6182167460350675E-010  -3.4577135908846557E-010
          49   0.0000000000000000        0.0000000000000000     
  -7.5503210577860624E-012  -6.1678194646487607E-012
  -1.1387229344174924E-010   3.4367469236826671E-010
          50   0.0000000000000000        0.0000000000000000     
  -5.6477527939472412E-012   4.7974164672807832E-012
   3.3912430298337762E-010  -1.5369727281365311E-010
          51   0.0000000000000000        0.0000000000000000     
   1.8831469195853219E-013   4.2854604417705728E-012
  -3.2237300900616975E-010  -1.4344803524067659E-010
          52   0.0000000000000000        0.0000000000000000     
   4.3764263729522478E-012  -3.2723073164112787E-013
   2.2422022523192790E-010   3.3328578445489313E-010
          53   0.0000000000000000        0.0000000000000000     
  -7.3163155792581613E-012  -7.2543423518808214E-012
   6.8049804668386392E-011  -4.7778255557084177E-010
          54   0.0000000000000000        0.0000000000000000     
  -6.6136527050782732E-012   1.3105909779918547E-011
  -3.8735656610922976E-010   3.0887495799177945E-010
          55   0.0000000000000000        0.0000000000000000     
   1.1853886548883104E-011  -5.8150303387119221E-013
   5.7260298618830774E-010   1.1632579112519284E-010
          56   0.0000000000000000        0.0000000000000000     
  -1.0231747251906396E-011  -7.8395060395653716E-012
  -2.8297720913113411E-010  -6.0057886966200350E-010
          57   0.0000000000000000        0.0000000000000000     
  -2.2472671601413534E-012   1.3596771812367356E-011
  -2.4468374496682986E-010   6.0024071225210639E-010
          58   0.0000000000000000        0.0000000000000000     
   6.4249689115593276E-012  -5.8631507244241427E-012
   5.4968800764816796E-010  -2.1386971622015161E-010
          59   0.0000000000000000        0.0000000000000000     
  -1.0403531221467774E-011   3.8709226025399862E-012
  -4.1972025128995012E-010  -2.6077378844287396E-010
          60   0.0000000000000000        0.0000000000000000     
   9.0310807209797192E-012   5.1809621212252418E-012
   1.4657352562524189E-010   3.9416984619808357E-010
          61   0.0000000000000000        0.0000000000000000     
  -7.0330641159691711E-012  -8.4560660714193311E-012
   1.0072363232726021E-010  -4.6015374774616999E-010
          62   0.0000000000000000        0.0000000000000000     
  -4.5457974117766532E-012   1.5683776109602675E-011
  -3.4890597630325909E-010   3.7557283305469856E-010
          63   0.0000000000000000        0.0000000000000000     
   1.3349721570703602E-011  -4.0553121635230169E-012
   6.0294393911132529E-010  -7.5177852669839506E-011
          64   0.0000000000000000        0.0000000000000000     
  -1.3904579080474032E-011  -3.6948584037015546E-012
  -4.5259271113041284E-010  -5.4647925631824801E-010
