2883.724318 3854.871392 1.000000 1.693675 7.099665 -0.003185 10.973461
2870.759535 3816.867173 1.000000 1.692615 7.102278 -0.003113 10.963405
2857.229748 3777.149320 0.917616 1.686477 7.098385 -0.002114 10.965451
2843.112907 3735.530674 0.917016 1.685081 7.100345 -0.000825 10.952945
2828.395233 3691.809475 0.859353 1.680262 7.098176 0.000966 10.949224
2813.060188 3645.522594 0.862338 1.679020 7.100899 0.001368 10.935244
2797.096748 3596.426249 0.922002 1.680951 7.107807 0.000554 10.910785
2780.502157 3543.940485 0.900875 1.678115 7.109114 0.001019 10.899055
2763.276415 3487.641513 0.994958 1.681979 7.119739 -0.000383 10.868428
2745.425034 3426.937163 0.936947 1.677105 7.120015 0.000511 10.862753
2726.964550 3360.848427 0.929205 1.675071 7.124652 0.000615 10.847982
2707.903233 3288.581073 1.000000 1.677541 7.136395 -0.000397 10.820299
2688.274155 3208.518922 0.691943 1.658613 7.120427 0.004164 10.853903
2668.099365 3117.742240 0.196262 1.629327 7.089214 0.011359 10.917933
2647.417450 3017.120361 0.047788 1.619890 7.086793 0.013192 10.924582
2626.250458 2911.728621 0.089957 1.621264 7.101565 0.012261 10.899903
2604.647999 2805.365026 0.048339 1.617928 7.108913 0.010955 10.888401
2582.648659 2704.081833 0.198114 1.625878 7.141161 0.005949 10.840586
2560.279999 2612.510622 0.181337 1.623383 7.146954 0.005490 10.823525
2537.591629 2529.331148 0.023531 1.612369 7.130861 0.007859 10.831472
2514.605598 2459.239066 0.045184 1.611687 7.137204 0.007434 10.805393
2491.371517 2402.247488 0.066939 1.610653 7.140800 0.006689 10.777913
2467.905922 2356.882095 0.119492 1.611258 7.146863 0.005692 10.744887
2444.247398 2321.167439 0.063992 1.605241 7.134979 0.006478 10.729801
2420.412483 2293.601781 0.160199 1.607861 7.143361 0.004807 10.686960
2396.434250 2273.159176 0.325844 1.614355 7.159976 0.001881 10.632084
2372.329235 2257.678807 0.022672 1.593410 7.108084 0.006475 10.657298
2348.113976 2246.277928 0.013022 1.589421 7.097479 0.006521 10.630994
2323.805008 2238.712162 0.057244 1.588468 7.093779 0.005512 10.595185
2299.413357 2234.405279 0.127031 1.588984 7.093051 0.004058 10.555540
2274.955559 2232.781500 0.060444 1.581463 7.072195 0.004957 10.537860
2250.437126 2233.569473 0.024652 1.575669 7.055181 0.005287 10.514661
2225.874596 2236.586213 0.129723 1.577940 7.057005 0.003284 10.468122
2201.267967 2241.497636 0.037222 1.568674 7.030704 0.004555 10.453095
2176.622753 2247.933298 0.081713 1.567009 7.017967 0.003899 10.417809
2151.949978 2255.197167 0.479341 1.584102 7.027475 -0.001424 10.334596
2127.249641 2263.069898 0.071248 1.558507 6.988717 0.003648 10.358471
2102.532768 2272.065282 0.059918 1.553927 6.973536 0.003667 10.329563
2077.793846 2281.764150 0.056083 1.549715 6.958529 0.003602 10.299464
2053.038387 2291.931212 0.001430 1.542722 6.940627 0.004153 10.275198
2028.271904 2302.423120 0.000000 1.538509 6.925219 0.003995 10.243711
2003.494396 2312.989980 0.027374 1.535875 6.911105 0.003477 10.209003
1978.711376 2323.325276 0.120294 1.536672 6.899167 0.002162 10.165934
1953.911819 2333.147377 0.112951 1.532110 6.882876 0.002170 10.134910
1929.112263 2342.336029 0.100631 1.527288 6.866479 0.002187 10.104390
1904.307194 2350.721061 0.115055 1.523873 6.850940 0.001859 10.070477
1879.496613 2358.144373 0.157797 1.522021 6.836342 0.001241 10.033684
1854.680519 2364.562899 0.127077 1.516333 6.820012 0.001472 10.005756
1829.864426 2369.972318 0.157869 1.513785 6.804782 0.000995 9.969704
1805.042820 2374.361306 0.105291 1.506894 6.788208 0.001527 9.943471
1780.221214 2377.787530 0.150180 1.505085 6.773177 0.000912 9.905596
1755.394096 2380.308658 0.180019 1.502497 6.757831 0.000523 9.869529
1730.566978 2381.966561 0.101395 1.494367 6.742055 0.001369 9.846516
1705.739861 2382.876575 0.160819 1.493402 6.727184 0.000660 9.807576
1680.907230 2383.065075 0.175423 1.490031 6.711700 0.000442 9.773055
1656.080112 2382.616103 0.160151 1.485103 6.696197 0.000566 9.741680
1631.247482 2381.635308 0.118249 1.478794 6.680901 0.001011 9.713005
1606.414852 2380.239815 0.128917 1.475203 6.665386 0.000838 9.678477
1581.582222 2378.452271 0.164782 1.472992 6.649827 0.000423 9.641885
1556.749592 2376.251072 0.120744 1.466641 6.635076 0.000875 9.613483
1531.916962 2373.710722 0.142996 1.463624 6.619133 0.000616 9.577391
1507.084332 2370.870858 0.188291 1.461781 6.602566 0.000085 9.538896
1482.251701 2367.739230 0.160567 1.456160 6.587214 0.000377 9.507542
1457.419071 2364.342660 0.095956 1.448723 6.573156 0.000987 9.480243
1432.580929 2360.846400 0.177410 1.448779 6.555423 0.000147 9.438567
1407.748299 2357.301712 0.126986 1.441956 6.540626 0.000578 9.408669
1382.915668 2353.823483 0.158613 1.439319 6.523281 0.000210 9.370779
1358.083038 2350.401878 0.116291 1.432875 6.508154 0.000561 9.339532
1333.250408 2347.047478 0.148792 1.430236 6.490248 0.000200 9.301188
1308.417778 2343.590558 0.144156 1.425770 6.473875 0.000147 9.266748
1283.585148 2339.839935 0.128306 1.420718 6.457908 0.000253 9.233070
1258.752518 2335.653454 0.139720 1.416958 6.440359 0.000098 9.196096
1233.919888 2330.911607 0.164498 1.413870 6.422081 -0.000186 9.157866
1209.092770 2325.550914 0.193090 1.410972 6.403486 -0.000490 9.119256
1184.260139 2319.495082 0.169254 1.405404 6.387538 -0.000330 9.084762
1159.433022 2312.771082 0.160752 1.400697 6.371296 -0.000359 9.049629
1134.605904 2305.483967 0.117041 1.393889 6.362670 -0.000216 9.025690
1109.778786 2297.658473 0.057157 1.386646 6.346494 -0.000259 8.988693
1084.957180 2289.392650 0.171981 1.387777 6.328143 -0.000239 8.951632
1060.135574 2280.870676 0.181683 1.383963 6.311217 -0.000237 8.915056
1035.319481 2272.043228 0.139442 1.377309 6.293543 -0.000263 8.875212
1010.503387 2263.045609 0.199297 1.375638 6.274486 -0.000224 8.836549
985.692806 2253.853530 0.197435 1.371008 6.256366 -0.000222 8.797462
960.887737 2244.442105 0.191960 1.366112 6.237857 -0.000222 8.757455
936.088181 2234.757394 0.130835 1.358543 6.220619 -0.000293 8.716738
911.288624 2224.671543 0.114897 1.353154 6.202471 -0.000315 8.676344
886.505604 2214.005589 0.106483 1.348243 6.184694 -0.000318 8.636822
861.728096 2202.602178 0.125628 1.344689 6.166334 -0.000264 8.597768
836.961613 2190.231532 0.151997 1.340925 6.143220 -0.000309 8.555134
812.206154 2177.083492 0.091474 1.324174 6.051227 0.000147 8.463369
787.467232 2165.497690 0.103640 1.314999 5.990773 0.000256 8.395527
762.750359 2152.946293 0.115861 1.310742 5.970119 0.000099 8.353414
738.050022 2140.001357 0.134813 1.304425 5.932484 -0.000204 8.299951
713.377247 2128.074616 0.083241 1.299299 5.932985 0.001464 8.269249
688.732033 2116.541564 0.098795 1.294657 5.908457 0.001315 8.224786
664.125404 2106.052488 0.178724 1.283228 5.831803 0.000147 8.169124
639.562874 2094.997019 0.146266 1.232394 5.596014 0.001011 8.028752
615.044441 2083.642185 0.137771 1.204142 5.398012 0.000302 7.902689
590.586643 2073.187232 0.141908 1.189616 5.305710 -0.000090 7.796945
566.194992 2059.042454 0.183248 1.179850 5.220253 -0.000484 7.694283
541.886024 2045.565248 0.148716 1.169189 5.174075 -0.000644 7.619112
517.670765 2033.334672 0.132860 1.155905 5.114160 -0.000997 7.523565
493.565750 2025.024146 0.179686 1.139088 5.067327 0.000082 7.397225
469.587517 2017.673850 0.206533 1.132453 5.027724 -0.000234 7.323092
445.752602 2010.504901 0.203933 1.116569 4.909159 -0.000392 7.166922
422.094078 1993.564218 0.157528 1.093541 4.740100 -0.000610 6.953998
398.628483 1979.196668 0.163356 1.088650 4.725884 -0.000089 6.898443
375.394402 1965.821981 0.156020 1.082655 4.709066 -0.000168 6.836623
352.408371 1952.779293 0.146193 1.076557 4.691955 -0.000345 6.774587
329.720001 1939.523369 0.145664 1.068981 4.661863 -0.000050 6.706291
307.351341 1923.217922 0.160541 1.062028 4.589053 0.000159 6.612557
285.352001 1905.142218 0.158062 1.056596 4.571918 0.000516 6.548730
263.749542 1884.303838 0.129381 1.050071 4.558531 -0.000568 6.481034
242.582550 1859.476864 0.143474 1.045955 4.550035 0.000469 6.428438
221.900635 1828.708798 0.102402 1.038650 4.543335 -0.000929 6.363088
201.725845 1792.333871 0.155604 1.035501 4.555472 0.002796 6.339673
182.096767 1747.293174 0.169179 1.031457 4.542506 0.001742 6.275140
163.035450 1691.392809 0.122139 1.024997 4.540462 0.001065 6.219542
144.574966 1621.951759 0.088580 1.019311 4.545624 0.000942 6.192253
126.723585 1536.687165 0.023701 1.014210 4.567317 0.000861 6.166382
109.497843 1436.340213 0.000000 1.011762 4.593056 0.001607 6.151314
92.903252 1323.010623 0.000000 1.010913 4.622242 0.002717 6.142990
76.939812 1197.690517 0.000000 1.010757 4.656881 0.002696 6.142708
61.604767 1062.848046 0.000000 1.011193 4.695748 0.002662 6.149287
46.887093 919.150263 0.000000 1.011902 4.737338 0.002765 6.159036
32.770252 766.540095 0.000000 1.013097 4.782077 0.002934 6.174333
19.240465 602.182262 0.317612 1.010774 4.687651 -0.010943 6.052634
6.275682 409.767516 0.957700 1.015536 4.484912 -0.010465 5.829097
