2883.724318 3863.986135 1.000000 1.693513 7.097453 -0.003235 10.972913
2870.759535 3844.923973 1.000000 1.692116 7.095468 -0.003268 10.961712
2857.229748 3824.864328 1.000000 1.690434 7.092563 -0.003670 10.948403
2843.112907 3803.819716 1.000000 1.688693 7.089601 -0.002501 10.934605
2828.395233 3781.841695 1.000000 1.686819 7.086283 -0.001727 10.919778
2813.060188 3759.001791 1.000000 1.684959 7.083160 -0.001403 10.904981
2797.096748 3735.387921 1.000000 1.682959 7.079630 -0.001433 10.889124
2780.502157 3711.044192 0.958916 1.678433 7.072989 -0.000819 10.879051
2763.276415 3686.109185 0.941298 1.675289 7.068058 -0.000694 10.865046
2745.425034 3660.629392 0.856696 1.668209 7.058661 0.000404 10.861597
2726.964550 3634.640574 0.904833 1.668656 7.057336 -0.000589 10.834928
2707.903233 3608.377278 0.922348 1.667257 7.053772 -0.001087 10.812836
2688.274155 3581.700921 0.696539 1.651818 7.034849 0.001971 10.830125
2668.099365 3555.209637 0.946556 1.663527 7.044808 -0.002447 10.768240
2647.417450 3528.814018 0.692625 1.646292 7.023628 0.000592 10.787797
2626.250458 3502.225578 0.644272 1.640844 7.015100 0.000624 10.773788
2604.647999 3475.750387 0.686433 1.640478 7.011657 -0.002348 10.744518
2582.648659 3449.458182 0.633545 1.634620 7.002289 -0.004317 10.729870
2560.279999 3423.257470 0.654965 1.632902 6.996891 -0.005737 10.702691
2537.591629 3397.163749 0.699156 1.632456 6.992611 -0.006983 10.671903
2514.605598 3370.899558 0.639066 1.626050 6.982379 -0.006402 10.656916
2491.371517 3344.234824 0.605945 1.621096 6.973453 -0.006476 10.636954
2467.905922 3317.250013 0.610940 1.618371 6.966895 -0.006791 10.611598
2444.247398 3289.572001 0.499219 1.609038 6.954314 -0.005365 10.603470
2420.412483 3261.205256 0.619583 1.612635 6.953179 -0.007208 10.559322
2396.434250 3232.152164 0.558270 1.606082 6.943244 -0.006561 10.542696
2372.329235 3202.198744 0.557247 1.602911 6.936416 -0.006782 10.516950
2348.113976 3171.237409 0.415097 1.591851 6.923167 -0.004786 10.511459
2323.805008 3139.061630 0.381025 1.586829 6.915239 -0.004486 10.489773
2299.413357 3106.066585 0.446454 1.587400 6.912075 -0.005599 10.454092
2274.955559 3072.469234 0.459554 1.585002 6.906406 -0.005761 10.425519
2250.437126 3038.307130 0.307303 1.573529 6.894192 -0.003704 10.420546
2225.874596 3003.718853 0.278826 1.568884 6.887229 -0.003473 10.397621
2201.267967 2969.075441 0.275960 1.565564 6.881002 -0.003394 10.370332
2176.622753 2934.902906 0.331480 1.565484 6.877023 -0.004045 10.335378
2151.949978 2901.410460 0.249581 1.557908 6.867936 -0.002895 10.319403
2127.249641 2869.107425 0.252772 1.554851 6.861309 -0.002907 10.290787
2102.532768 2838.560343 0.308406 1.554664 6.856181 -0.003526 10.255524
2077.793846 2810.073793 0.294412 1.550659 6.848259 -0.003216 10.229478
2053.038387 2783.974409 0.287632 1.546903 6.839678 -0.003042 10.201536
2028.271904 2760.124803 0.264802 1.542230 6.830104 -0.002698 10.175388
2003.494396 2738.625109 0.360147 1.543911 6.823188 -0.003867 10.134311
1978.711376 2718.870044 0.178011 1.530694 6.809178 -0.001512 10.128655
1953.911819 2700.552940 0.169966 1.526676 6.798750 -0.001317 10.099632
1929.112263 2683.771253 0.342879 1.532251 6.791223 -0.003432 10.047767
1904.307194 2667.938471 0.271363 1.524772 6.778723 -0.002531 10.026361
1879.496613 2652.491033 0.184989 1.516577 6.766437 -0.001416 10.007051
1854.680519 2637.164891 0.234350 1.515576 6.756014 -0.002009 9.970991
1829.864426 2621.768713 0.148802 1.507340 6.743713 -0.000943 9.950402
1805.042820 2606.253326 0.105665 1.501357 6.732067 -0.000382 9.924500
1780.221214 2591.044903 0.250424 1.505242 6.721321 -0.002055 9.876244
1755.394096 2576.287687 0.192599 1.498435 6.709205 -0.001293 9.851622
1730.566978 2562.094927 0.183277 1.494262 6.697521 -0.001129 9.821950
1705.739861 2548.495531 0.129724 1.487723 6.685635 -0.000433 9.796859
1680.907230 2535.654008 0.170384 1.486015 6.673022 -0.000859 9.760343
1656.080112 2523.492575 0.194690 1.483414 6.660035 -0.001095 9.725510
1631.247482 2511.885166 0.178320 1.478661 6.647053 -0.000850 9.694941
1606.414852 2500.699461 0.179779 1.474814 6.633717 -0.000843 9.662214
1581.582222 2489.689589 0.186824 1.471323 6.620467 -0.000871 9.629415
1556.749592 2478.636354 0.178578 1.467023 6.607323 -0.000732 9.598046
1531.916962 2467.415482 0.227867 1.465613 6.592744 -0.001203 9.559976
1507.084332 2455.815077 0.187196 1.459534 6.579806 -0.000750 9.530938
1482.251701 2443.841547 0.275288 1.460105 6.564003 -0.001584 9.488911
1457.419071 2431.278229 0.116309 1.448007 6.554571 0.000092 9.471758
1432.580929 2418.242246 0.137251 1.445197 6.540810 -0.000045 9.436758
1407.748299 2404.889464 0.142898 1.441503 6.527040 -0.000087 9.402417
1382.915668 2391.411364 0.186854 1.439761 6.511880 -0.000476 9.364352
1358.083038 2378.014773 0.188835 1.435845 6.497859 -0.000451 9.330080
1333.250408 2364.845276 0.198296 1.432285 6.483338 -0.000477 9.294903
1308.417778 2352.038026 0.168907 1.426803 6.470468 -0.000185 9.263677
1283.585148 2339.941710 0.147334 1.421687 6.457067 0.000073 9.231411
1258.752518 2328.764051 0.104003 1.415330 6.443972 0.000509 9.199883
1233.919888 2318.429053 0.094438 1.410656 6.429086 0.000602 9.165084
1209.092770 2308.732718 0.159609 1.409746 6.410160 0.000015 9.123869
1184.260139 2299.419492 0.183010 1.406676 6.392828 -0.000200 9.085943
1159.433022 2290.364653 0.177894 1.402185 6.377594 -0.000139 9.051621
1134.605904 2281.268984 0.082835 1.392950 6.370460 0.000123 9.028751
1109.778786 2272.338569 0.089083 1.388924 6.353895 0.000082 8.991758
1084.957180 2263.465971 0.116674 1.385896 6.336843 0.000090 8.954578
1060.135574 2254.569978 0.144763 1.382980 6.319964 0.000106 8.918115
1035.319481 2245.656848 0.100268 1.376230 6.302494 0.000082 8.878273
1010.503387 2236.877382 0.095754 1.371467 6.284672 0.000069 8.839139
985.692806 2228.178978 0.192914 1.371579 6.264771 0.000150 8.800734
960.887737 2219.403386 0.183878 1.366501 6.246228 0.000144 8.760661
936.088181 2210.579365 0.175306 1.361441 6.227587 0.000133 8.720453
911.288624 2201.611847 0.090768 1.352728 6.210765 0.000012 8.679176
886.505604 2192.403674 0.141333 1.350614 6.191061 0.000083 8.640287
861.728096 2182.642221 0.141058 1.346080 6.172716 0.000089 8.600810
836.961613 2171.893120 0.151061 1.341830 6.152640 0.000241 8.559834
812.206154 2160.376757 0.140782 1.326551 6.049484 0.000047 8.462528
787.467232 2151.702046 0.106177 1.315499 5.994611 0.000456 8.397207
762.750359 2141.917050 0.115685 1.311094 5.973813 0.000301 8.355103
738.050022 2131.655216 0.111463 1.304616 5.944734 0.000597 8.306602
713.377247 2121.835649 0.135850 1.299764 5.914466 0.000156 8.258439
688.732033 2111.771554 0.116458 1.294920 5.903253 0.000921 8.221542
664.125404 2101.884186 0.147372 1.284487 5.850384 0.001001 8.176103
639.562874 2090.415508 0.187060 1.233359 5.585902 0.000751 8.026663
615.044441 2077.279240 0.206550 1.207535 5.393726 0.000641 7.905370
590.586643 2061.602622 0.149533 1.192018 5.333338 0.002035 7.813526
566.194992 2049.775124 0.173356 1.179848 5.230701 0.000049 7.698385
541.886024 2040.130794 0.160628 1.170186 5.177118 -0.000209 7.622432
517.670765 2031.170577 0.111748 1.154274 5.111734 -0.001591 7.519091
493.565750 2020.647377 0.139565 1.137144 5.073458 -0.000121 7.395728
469.587517 2009.908408 0.135844 1.130057 5.045565 0.000252 7.326658
445.752602 1997.825205 0.200447 1.117469 4.920943 0.000945 7.176511
422.094078 1984.486431 0.194999 1.096366 4.747513 0.001345 6.967608
398.628483 1973.194331 0.195749 1.091058 4.731779 0.001574 6.909924
375.394402 1962.635815 0.168220 1.083595 4.711663 0.000512 6.841272
352.408371 1951.758116 0.149689 1.076832 4.692754 -0.000141 6.775974
329.720001 1939.944178 0.129664 1.068074 4.660994 -0.000701 6.701922
307.351341 1925.863624 0.149017 1.061362 4.586732 -0.000515 6.608100
285.352001 1911.806464 0.127657 1.054866 4.567298 -0.001180 6.537633
263.749542 1898.537874 0.139113 1.050158 4.554026 -0.000856 6.479171
242.582550 1885.428876 0.149923 1.045522 4.540927 -0.000621 6.421430
221.900635 1871.453971 0.129095 1.039215 4.525419 -0.002536 6.352870
201.725845 1856.615394 0.164327 1.034548 4.526349 -0.001057 6.315290
182.096767 1843.478382 0.136083 1.027163 4.510994 -0.003100 6.244826
163.035450 1824.461520 0.195599 1.024425 4.484289 -0.006344 6.173631
144.574966 1795.618087 0.126645 1.016056 4.476976 -0.010154 6.123929
126.723585 1752.297729 0.131854 1.009349 4.457006 -0.015390 6.066983
109.497843 1684.549153 0.119962 1.002704 4.449457 -0.021104 6.013186
92.903252 1586.909443 0.098378 1.001069 4.478356 -0.020429 6.002433
76.939812 1457.593739 0.084997 1.001052 4.519439 -0.019523 6.007727
61.604767 1298.284084 0.115915 1.001477 4.553779 -0.020081 6.011013
46.887093 1111.821011 0.087634 1.003804 4.623430 -0.015463 6.047785
32.770252 901.076347 0.010640 1.008621 4.726884 -0.005899 6.120036
19.240465 675.334111 0.000000 1.012490 4.803805 0.008024 6.168527
6.275682 430.762358 0.474966 1.010803 4.660244 0.018838 6.002439
