2883.724318 3848.430216 1.000000 1.693789 7.101227 -0.003150 10.973848
2870.759535 3797.204494 1.000000 1.692964 7.107043 -0.003005 10.964591
2857.229748 3743.720353 0.864637 1.683990 7.102553 -0.001099 10.976586
2843.112907 3688.255250 0.972646 1.689165 7.115645 -0.001432 10.946290
2828.395233 3630.966842 0.899301 1.683681 7.115461 0.000678 10.946077
2813.060188 3571.276069 0.818974 1.677865 7.115120 0.002451 10.947085
2797.096748 3509.428203 0.851540 1.678467 7.123146 0.002125 10.927938
2780.502157 3445.318341 0.773492 1.672597 7.122611 0.003525 10.926410
2763.276415 3377.013206 0.431028 1.651724 7.101615 0.008887 10.969638
2745.425034 3302.637935 0.091170 1.631184 7.080199 0.014192 11.012395
2726.964550 3226.068914 0.351245 1.644732 7.108903 0.010151 10.951921
2707.903233 3148.461580 0.172561 1.633317 7.100300 0.012905 10.965186
2688.274155 3069.774806 0.093843 1.627560 7.099897 0.013978 10.960941
2668.099365 2992.718816 0.158946 1.629721 7.111419 0.012594 10.931424
2647.417450 2918.448150 0.227297 1.631905 7.122527 0.011018 10.900859
2626.250458 2847.936451 0.103040 1.623279 7.115460 0.012409 10.901508
2604.647999 2781.772017 0.141834 1.623949 7.125606 0.009515 10.872734
2582.648659 2723.130286 0.196845 1.625412 7.137037 0.005870 10.839731
2560.279999 2670.588195 0.171919 1.621647 7.133855 0.005331 10.821802
2537.591629 2624.490559 0.153826 1.618155 7.130167 0.005149 10.802161
2514.605598 2584.803402 0.114966 1.613243 7.122077 0.005572 10.785293
2491.371517 2551.231086 0.164392 1.613348 7.124629 0.004237 10.751523
2467.905922 2523.081899 0.153008 1.609816 7.117921 0.004197 10.728845
2444.247398 2499.722689 0.139943 1.606011 7.109735 0.004210 10.705494
2420.412483 2480.560541 0.177947 1.605039 7.107396 0.003435 10.672310
2396.434250 2465.082556 0.212622 1.603781 7.103726 0.002580 10.639510
2372.329235 2452.793419 0.188384 1.598996 7.091355 0.002647 10.616583
2348.113976 2443.011850 0.141878 1.592649 7.073492 0.003340 10.597230
2323.805008 2436.355799 0.168302 1.590085 7.059246 0.002874 10.567265
2299.413357 2433.518022 0.106966 1.583116 7.042181 0.003392 10.548512
2274.955559 2432.990223 0.110288 1.579580 7.030247 0.003172 10.519060
2250.437126 2434.806526 0.053809 1.572780 7.013810 0.003683 10.497806
2225.874596 2439.134419 0.090841 1.570924 7.002883 0.002796 10.463010
2201.267967 2445.892394 0.113256 1.568141 6.989972 0.002291 10.429453
2176.622753 2454.802394 0.102466 1.563596 6.974732 0.002267 10.400817
2151.949978 2465.632856 0.099290 1.559405 6.959426 0.002081 10.370880
2127.249641 2477.979064 0.179968 1.559554 6.947474 0.000772 10.328727
2102.532768 2491.463721 0.090818 1.550692 6.927154 0.001761 10.309891
2077.793846 2505.914867 0.097351 1.546891 6.911086 0.001510 10.277943
2053.038387 2520.754635 0.130966 1.544425 6.895492 0.000881 10.241632
2028.271904 2535.407245 0.193537 1.543481 6.880545 -0.000135 10.201493
2003.494396 2549.400032 0.220303 1.540710 6.864315 -0.000680 10.166652
1978.711376 2562.187016 0.167402 1.533718 6.845767 -0.000200 10.141951
1953.911819 2573.285401 0.178332 1.530054 6.829099 -0.000451 10.108380
1929.112263 2582.148015 0.248343 1.529557 6.814029 -0.001470 10.067505
1904.307194 2588.255405 0.198503 1.522756 6.796774 -0.001007 10.041654
1879.496613 2591.226101 0.168224 1.517127 6.781015 -0.000724 10.013986
1854.680519 2590.812743 0.109667 1.510076 6.765741 -0.000122 9.989818
1829.864426 2586.982846 0.175294 1.509567 6.752497 -0.000977 9.950064
1805.042820 2580.012083 0.208022 1.507382 6.739314 -0.001385 9.914553
1780.221214 2570.080459 0.131401 1.499481 6.725919 -0.000474 9.891870
1755.394096 2557.474077 0.237966 1.501273 6.714072 -0.001661 9.847997
1730.566978 2542.486787 0.185260 1.494843 6.702467 -0.000981 9.823398
1705.739861 2525.506318 0.128676 1.488234 6.691429 -0.000220 9.798954
1680.907230 2506.889403 0.142851 1.485287 6.680450 -0.000289 9.765904
1656.080112 2487.045676 0.086540 1.478679 6.670018 0.000452 9.740569
1631.247482 2466.652095 0.122773 1.476901 6.659183 0.000184 9.704973
1606.414852 2446.585000 0.162072 1.475254 6.647990 -0.000142 9.668988
1581.582222 2427.840382 0.118998 1.469372 6.637519 0.000455 9.642185
1556.749592 2411.022931 0.135530 1.466518 6.625794 0.000383 9.608753
1531.916962 2396.157384 0.129947 1.462374 6.613432 0.000537 9.576625
1507.084332 2383.188605 0.111968 1.457529 6.600722 0.000764 9.545380
1482.251701 2371.802032 0.117511 1.453838 6.587046 0.000783 9.511406
1457.419071 2361.702621 0.103952 1.449204 6.573674 0.000932 9.479718
1432.580929 2352.664471 0.183730 1.449319 6.557494 0.000168 9.438769
1407.748299 2344.426662 0.096291 1.440725 6.545046 0.001022 9.412848
1382.915668 2336.642146 0.141343 1.438895 6.528594 0.000566 9.374115
1358.083038 2328.976691 0.121420 1.433718 6.513953 0.000746 9.341256
1333.250408 2321.174145 0.143597 1.430676 6.497743 0.000539 9.304342
1308.417778 2313.184738 0.147420 1.426771 6.482402 0.000462 9.269665
1283.585148 2305.186987 0.197130 1.425185 6.464982 0.000010 9.230829
1258.752518 2297.272682 0.158298 1.418975 6.450661 0.000379 9.198681
1233.919888 2289.588004 0.146438 1.414113 6.435043 0.000475 9.163917
1209.092770 2282.207757 0.150054 1.410012 6.418472 0.000425 9.127610
1184.260139 2275.132537 0.163694 1.406388 6.401091 0.000273 9.090240
1159.433022 2268.603593 0.162057 1.401967 6.385738 0.000401 9.056513
1134.605904 2261.794209 0.161234 1.397269 6.375721 0.000383 9.031097
1109.778786 2255.170643 0.131577 1.391464 6.358714 0.000317 8.993879
1084.957180 2248.832881 0.146972 1.387781 6.341004 0.000298 8.956438
1060.135574 2243.115008 0.172999 1.384675 6.323161 0.000277 8.919641
1035.319481 2238.093168 0.205258 1.381490 6.303261 0.000255 8.879816
1010.503387 2233.250737 0.201240 1.376637 6.284002 0.000205 8.840339
985.692806 2228.261977 0.108935 1.367547 6.266355 0.000070 8.800025
960.887737 2223.169208 0.146385 1.364583 6.245787 0.000046 8.759807
936.088181 2218.120396 0.131345 1.359092 6.226105 -0.000037 8.718965
911.288624 2213.139981 0.119096 1.353723 6.206219 -0.000128 8.677962
886.505604 2208.044231 0.171335 1.351557 6.184978 -0.000119 8.638537
861.728096 2202.124596 0.164399 1.346573 6.165395 -0.000188 8.598421
836.961613 2190.809548 0.106097 1.338828 6.145583 -0.000313 8.555096
812.206154 2173.377573 0.116682 1.324961 6.046474 -0.000163 8.460746
787.467232 2166.765481 0.169125 1.316492 5.972950 -0.000880 8.385995
762.750359 2159.892321 0.108296 1.310342 5.969836 0.000102 8.353443
738.050022 2152.130455 0.113730 1.303765 5.935606 0.000052 8.302082
713.377247 2145.574987 0.101382 1.298813 5.919942 0.000642 8.262451
688.732033 2136.897147 0.139539 1.293894 5.884494 -0.000172 8.212564
664.125404 2130.153626 0.132771 1.284065 5.848590 0.000800 8.174458
639.562874 2124.206722 0.119883 1.230641 5.586219 -0.000311 8.018147
615.044441 2121.146023 0.162159 1.205584 5.393938 -0.000745 7.894421
590.586643 2093.945891 0.157185 1.187016 5.267311 -0.003500 7.770398
566.194992 2082.111686 0.126829 1.175393 5.207675 -0.002281 7.680469
541.886024 2076.571882 0.087346 1.163974 5.157430 -0.003007 7.601133
517.670765 2077.520490 0.087012 1.152182 5.092202 -0.003088 7.507851
493.565750 2074.806541 0.083159 1.133068 5.063959 -0.002126 7.380912
469.587517 2069.299072 0.169545 1.129624 5.017945 -0.001895 7.310942
445.752602 2047.507167 0.069711 1.105817 4.877832 -0.007717 7.114615
422.094078 2039.971054 0.092265 1.087778 4.716474 -0.005163 6.922409
398.628483 2038.863897 0.095757 1.082300 4.696980 -0.005362 6.862163
375.394402 2037.686557 0.120487 1.078129 4.679386 -0.004572 6.806581
352.408371 2032.075673 0.075937 1.069222 4.654126 -0.006927 6.730144
329.720001 2015.613168 0.112881 1.063651 4.604567 -0.007342 6.657566
307.351341 1990.174353 0.183517 1.061228 4.562019 -0.002470 6.595193
285.352001 1956.908405 0.139258 1.054181 4.551685 -0.002926 6.526229
263.749542 1924.988031 0.188623 1.051929 4.548046 0.000095 6.485332
242.582550 1897.989810 0.122580 1.043738 4.534160 -0.002646 6.408444
221.900635 1868.955940 0.143298 1.040031 4.527471 -0.001671 6.358368
201.725845 1825.232655 0.101298 1.031520 4.539394 -0.001714 6.311143
182.096767 1758.354157 0.125654 1.028992 4.539742 0.000106 6.264881
163.035450 1671.323180 0.119409 1.025334 4.547626 0.002392 6.227797
144.574966 1571.167856 0.162360 1.024508 4.560885 0.004713 6.215650
126.723585 1464.410871 0.116329 1.021017 4.589514 0.006074 6.198617
109.497843 1352.238655 0.061916 1.017474 4.621715 0.007236 6.186042
92.903252 1234.773770 0.052848 1.016104 4.651267 0.008126 6.176305
76.939812 1111.102328 0.086193 1.016625 4.676051 0.006682 6.167244
61.604767 982.382670 0.008271 1.013953 4.724490 0.007258 6.177618
46.887093 849.092156 0.000000 1.014094 4.763564 0.006913 6.184635
32.770252 709.773824 0.000000 1.014825 4.802710 0.006189 6.194461
19.240465 564.863943 0.086057 1.015650 4.808948 0.008754 6.173035
6.275682 398.076102 0.924477 1.020440 4.526768 -0.003284 5.871109
