2883.724318 3865.173757 0.862221 1.685416 7.087701 -0.001062 10.996787
2870.759535 3848.709762 1.000000 1.692049 7.094548 -0.003289 10.961483
2857.229748 3831.397295 1.000000 1.690317 7.090974 -0.003706 10.948008
2843.112907 3813.138008 1.000000 1.688527 7.087332 -0.002552 10.934037
2828.395233 3793.962300 1.000000 1.686602 7.083329 -0.001795 10.919037
2813.060188 3773.865402 0.986192 1.683888 7.078629 -0.001272 10.906407
2797.096748 3752.698302 0.854691 1.674204 7.065932 0.000724 10.912639
2780.502157 3730.517030 0.907888 1.675120 7.064974 -0.000140 10.886431
2763.276415 3707.557619 0.922953 1.673835 7.061689 -0.000534 10.866784
2745.425034 3683.821857 0.886269 1.669490 7.054985 -0.000182 10.855228
2726.964550 3659.406304 0.902491 1.668064 7.051208 -0.000696 10.833768
2707.903233 3634.196818 0.777166 1.658423 7.038548 0.000976 10.835159
2688.274155 3608.447313 0.858058 1.660589 7.038481 -0.000639 10.801891
2668.099365 3582.317829 0.749078 1.651703 7.026357 0.000374 10.798651
2647.417450 3555.872738 0.716569 1.647143 7.018711 0.000073 10.782197
2626.250458 3529.385030 0.671897 1.641895 7.010396 0.000049 10.767599
2604.647999 3502.979875 0.698485 1.640638 7.005943 -0.002689 10.740849
2582.648659 3476.720452 0.662371 1.635726 6.997546 -0.004909 10.723524
2560.279999 3450.475037 0.632401 1.631090 6.989244 -0.005567 10.704515
2537.591629 3424.584568 0.621684 1.627536 6.981920 -0.006010 10.682290
2514.605598 3399.182856 0.589665 1.622702 6.973103 -0.005851 10.662787
2491.371517 3374.418616 0.573927 1.618691 6.964705 -0.006195 10.639940
2467.905922 3350.684345 0.540169 1.613724 6.955458 -0.005973 10.620284
2444.247398 3328.367770 0.615874 1.614793 6.950952 -0.007291 10.583072
2420.412483 3307.327330 0.598613 1.610532 6.941213 -0.007202 10.559383
2396.434250 3287.262619 0.509541 1.602236 6.928004 -0.006220 10.546302
2372.329235 3268.016875 0.465327 1.596438 6.916791 -0.005904 10.526187
2348.113976 3249.612153 0.425211 1.590776 6.905361 -0.005436 10.504631
2323.805008 3232.098222 0.607855 1.597466 6.902664 -0.008274 10.450122
2299.413357 3215.231597 0.552149 1.590963 6.890346 -0.007796 10.431153
2274.955559 3198.830187 0.457335 1.582213 6.876351 -0.006579 10.416988
2250.437126 3182.696998 0.361002 1.573384 6.862514 -0.005415 10.402734
2225.874596 3166.416585 0.393347 1.571663 6.853181 -0.006148 10.369848
2201.267967 3149.708807 0.447313 1.571047 6.844102 -0.006967 10.333343
2176.622753 3132.375777 0.626985 1.577402 6.838677 -0.009402 10.280157
2151.949978 3113.410473 0.307651 1.556404 6.819849 -0.005161 10.296042
2127.249641 3092.412949 0.370361 1.556322 6.811657 -0.006062 10.258375
2102.532768 3069.388866 0.411225 1.555152 6.803469 -0.006552 10.224540
2077.793846 3044.081628 0.445676 1.553667 6.795512 -0.006909 10.191775
2053.038387 3016.070127 0.378731 1.546637 6.785773 -0.005943 10.171987
2028.271904 2985.277474 0.445417 1.546919 6.779264 -0.006711 10.134634
2003.494396 2951.764762 0.497684 1.546541 6.773272 -0.007246 10.100122
1978.711376 2914.833128 0.394584 1.537846 6.765616 -0.005758 10.085745
1953.911819 2873.732448 0.434847 1.536891 6.760900 -0.005987 10.052579
1929.112263 2827.564180 0.310274 1.527207 6.755222 -0.004161 10.040444
1904.307194 2776.212394 0.274815 1.522444 6.752140 -0.003435 10.017304
1879.496613 2721.178532 0.261958 1.519057 6.750567 -0.002910 9.992120
1854.680519 2665.322125 0.275034 1.517070 6.749504 -0.002730 9.963797
1829.864426 2611.724734 0.145834 1.507423 6.746141 -0.000825 9.951575
1805.042820 2562.841773 0.111328 1.502700 6.742724 -0.000091 9.927389
1780.221214 2520.295084 0.151009 1.501712 6.738324 -0.000288 9.893716
1755.394096 2484.624982 0.143906 1.498098 6.731840 0.000058 9.864938
1730.566978 2455.841452 0.167181 1.496002 6.724136 -0.000023 9.832819
1705.739861 2433.699518 0.177527 1.493034 6.714521 0.000026 9.801358
1680.907230 2417.627871 0.166605 1.488724 6.702990 0.000235 9.771031
1656.080112 2406.940907 0.156387 1.484306 6.690041 0.000389 9.739957
1631.247482 2400.661707 0.097252 1.477230 6.676181 0.001071 9.713583
1606.414852 2397.725284 0.060351 1.471211 6.661466 0.001430 9.684205
1581.582222 2396.931946 0.169465 1.472768 6.644973 0.000198 9.639712
1556.749592 2396.845818 0.143390 1.467286 6.629395 0.000435 9.609248
1531.916962 2396.397442 0.139593 1.462866 6.613209 0.000432 9.575620
1507.084332 2394.871414 0.172363 1.460341 6.596457 0.000013 9.538215
1482.251701 2391.987741 0.230904 1.459154 6.579151 -0.000597 9.498284
1457.419071 2387.721539 0.135186 1.450126 6.565896 0.000344 9.474151
1432.580929 2382.340133 0.180538 1.448373 6.549452 -0.000109 9.436150
1407.748299 2376.124114 0.138147 1.442026 6.535121 0.000267 9.405739
1382.915668 2369.351238 0.142319 1.438067 6.519491 0.000204 9.370719
1358.083038 2362.179011 0.119745 1.432733 6.504744 0.000398 9.338010
1333.250408 2354.709953 0.129157 1.429023 6.488820 0.000303 9.302153
1308.417778 2346.950769 0.164636 1.426724 6.472095 -0.000086 9.264590
1283.585148 2338.984162 0.118439 1.420239 6.458574 0.000355 9.234016
1258.752518 2331.011295 0.160616 1.418153 6.440763 -0.000040 9.194825
1233.919888 2323.069125 0.115074 1.411575 6.426744 0.000359 9.162850
1209.092770 2315.226495 0.102884 1.406677 6.411091 0.000444 9.127782
1184.260139 2307.586670 0.216849 1.408161 6.388599 -0.000599 9.082315
1159.433022 2299.990207 0.182872 1.402180 6.374066 -0.000365 9.049574
1134.605904 2292.501032 0.188525 1.397686 6.366118 -0.000022 9.027444
1109.778786 2284.963280 0.118799 1.389975 6.349733 -0.000078 8.990323
1084.957180 2277.449816 0.181202 1.388573 6.331741 -0.000075 8.953102
1060.135574 2269.880325 0.135060 1.382056 6.315312 -0.000109 8.916198
1035.319481 2262.260318 0.131366 1.377218 6.296767 -0.000131 8.876386
1010.503387 2254.570574 0.153963 1.373720 6.278005 -0.000138 8.837308
985.692806 2246.758938 0.176799 1.370235 6.259069 -0.000137 8.798206
960.887737 2238.624841 0.139807 1.363786 6.240878 -0.000192 8.757717
936.088181 2230.196595 0.116901 1.358017 6.222450 -0.000240 8.717194
911.288624 2221.556455 0.140938 1.354507 6.202861 -0.000229 8.677090
886.505604 2212.616354 0.181388 1.351895 6.183161 -0.000177 8.638042
861.728096 2203.250676 0.128876 1.344824 6.166019 -0.000269 8.597725
836.961613 2193.859071 0.225921 1.344000 6.136520 -0.000484 8.553634
812.206154 2182.948589 0.170375 1.325188 6.023198 -0.001694 8.447805
787.467232 2170.390785 0.112910 1.315060 5.986707 0.000012 8.393478
762.750359 2157.891542 0.109161 1.310427 5.970268 0.000124 8.353621
738.050022 2145.700455 0.107285 1.303988 5.940625 0.000369 8.304712
713.377247 2134.155631 0.135887 1.299362 5.910292 -0.000077 8.256511
688.732033 2123.183757 0.137225 1.294495 5.890677 0.000143 8.215149
664.125404 2112.953812 0.162387 1.283583 5.838380 0.000414 8.171299
639.562874 2102.060765 0.240988 1.233981 5.563608 -0.000389 8.017516
615.044441 2090.173364 0.180028 1.206029 5.392527 0.000069 7.900847
590.586643 2072.106600 0.143833 1.189911 5.308304 0.000122 7.798593
566.194992 2063.212395 0.182631 1.179654 5.218071 -0.000657 7.692953
541.886024 2054.544389 0.121190 1.166981 5.168130 -0.001556 7.612172
517.670765 2046.413720 0.114647 1.154431 5.106960 -0.001756 7.517853
493.565750 2034.249306 0.146236 1.137251 5.069069 -0.000391 7.393728
469.587517 2020.199150 0.140240 1.129929 5.041090 -0.000116 7.323964
445.752602 2002.483755 0.152474 1.114658 4.920698 -0.000289 7.167665
422.094078 1993.162930 0.167782 1.094258 4.741423 -0.000147 6.957220
398.628483 1980.562806 0.199939 1.091145 4.729740 0.001492 6.909359
375.394402 1965.481490 0.170968 1.083706 4.711005 0.000530 6.841394
352.408371 1948.379427 0.125713 1.075249 4.690941 -0.001138 6.769222
329.720001 1928.254664 0.122947 1.068203 4.666508 -0.000328 6.704428
307.351341 1905.205846 0.132699 1.061267 4.599088 0.000335 6.613722
285.352001 1878.395081 0.153717 1.057124 4.581286 0.001644 6.556125
263.749542 1848.047078 0.129829 1.051134 4.571838 0.001334 6.493371
242.582550 1812.974513 0.137849 1.047029 4.566742 0.002694 6.442758
221.900635 1770.605296 0.090475 1.038122 4.578795 0.003320 6.390179
201.725845 1718.807667 0.135973 1.036679 4.582897 0.005901 6.359386
182.096767 1656.254679 0.111573 1.031144 4.575034 0.004138 6.290190
163.035450 1581.960469 0.124054 1.027539 4.577787 0.008329 6.264884
144.574966 1495.869011 0.126662 1.025192 4.592725 0.008759 6.240849
126.723585 1399.097890 0.135373 1.024019 4.613524 0.010058 6.223359
109.497843 1293.067485 0.074402 1.019967 4.643749 0.010840 6.208375
92.903252 1179.849505 0.085775 1.019636 4.671023 0.011861 6.199419
76.939812 1060.872227 0.061532 1.017692 4.701680 0.010582 6.191342
61.604767 938.748494 0.004000 1.015258 4.742216 0.010020 6.194703
46.887093 813.403651 0.000000 1.015194 4.776756 0.008981 6.197440
32.770252 683.513507 0.000000 1.015613 4.812136 0.007666 6.203618
19.240465 547.237396 0.181681 1.016827 4.780926 0.004311 6.145669
6.275682 390.211120 0.877367 1.022795 4.560583 0.002645 5.906022
