64 1 3
#Observer: 109C TA 32.88890075683594 -117.1051025390625 Source: 200702131456A -1.600000023841858 -78.05000305175781 6195.2
(Real) 0 0.0000000000000000e+00 0.0000000000000000e+00 0.0000000000000000e+00
(Imag) 0 0.0000000000000000e+00 0.0000000000000000e+00 0.0000000000000000e+00
(Real) 1 0.0000000000000000e+00 -1.2241690631919557e-11 -1.7975372174137180e-11
(Imag) 1 0.0000000000000000e+00 8.6016358147413880e-12 1.5368124035965114e-12
(Real) 2 0.0000000000000000e+00 -1.1826768146920924e-12 -1.8122737389346610e-11
(Imag) 2 0.0000000000000000e+00 1.6471705844638868e-11 6.6683703120317935e-12
(Real) 3 0.0000000000000000e+00 1.3614320979554191e-11 -8.3171330313013150e-12
(Imag) 3 0.0000000000000000e+00 6.5638074082425320e-12 8.5483201883934750e-12
(Real) 4 0.0000000000000000e+00 1.4456078863784846e-12 -1.2203674230208911e-11
(Imag) 4 0.0000000000000000e+00 -1.0694762672791994e-11 -9.3209436637832800e-12
(Real) 5 0.0000000000000000e+00 -1.1506710711270920e-11 -3.8154932785539186e-11
(Imag) 5 0.0000000000000000e+00 9.5625642269040050e-12 1.2879161848819810e-11
(Real) 6 0.0000000000000000e+00 1.7118124198009665e-11 1.0414958421570517e-11
(Imag) 6 0.0000000000000000e+00 1.2245288238851876e-11 3.5621489156449200e-11
(Real) 7 0.0000000000000000e+00 4.0062455834565920e-12 -6.2355585309142380e-13
(Imag) 7 0.0000000000000000e+00 -1.7613309755448140e-11 -3.8725077569220726e-11
(Real) 8 0.0000000000000000e+00 -1.1650613618145545e-11 -6.3870103753926930e-11
(Imag) 8 0.0000000000000000e+00 1.1394628117695254e-11 3.3247439995740580e-11
(Real) 9 0.0000000000000000e+00 1.9207452034147134e-11 4.4309999969706940e-11
(Imag) 9 0.0000000000000000e+00 3.9539437652966290e-12 4.3565619165513260e-11
(Real) 10 0.0000000000000000e+00 -4.9499254632671960e-12 -2.1365635334528260e-11
(Imag) 10 0.0000000000000000e+00 -1.2849256874275643e-11 -5.4540473245564955e-11
(Real) 11 0.0000000000000000e+00 1.6393458177539854e-12 -3.3281358468982426e-11
(Imag) 11 0.0000000000000000e+00 1.3084586961895138e-11 7.0631229278373640e-11
(Real) 12 0.0000000000000000e+00 9.9469376669181800e-12 3.5885966854766330e-11
(Imag) 12 0.0000000000000000e+00 -1.2109671638248362e-11 -2.9751562242261000e-11
(Real) 13 0.0000000000000000e+00 -1.0692924330978927e-11 -7.7222570841803790e-11
(Imag) 13 0.0000000000000000e+00 4.9836337431002765e-12 3.3253028607463750e-11
(Real) 14 0.0000000000000000e+00 1.8019170809595600e-11 8.9270009641686800e-11
(Imag) 14 0.0000000000000000e+00 1.8722304422282260e-12 5.2938673711634935e-11
(Real) 15 0.0000000000000000e+00 -7.3777598637396640e-12 -6.2509088944024560e-11
(Imag) 15 0.0000000000000000e+00 -1.6266644880578253e-11 -1.3621683728881316e-10
(Real) 16 0.0000000000000000e+00 -2.0656148188288825e-12 -9.2675810984009150e-11
(Imag) 16 0.0000000000000000e+00 1.6245593877845284e-11 2.0443213687297270e-10
(Real) 17 0.0000000000000000e+00 1.7143684546552118e-11 2.2718392978519385e-10
(Imag) 17 0.0000000000000000e+00 -1.2137922315186371e-11 -4.8117975626070810e-11
(Real) 18 0.0000000000000000e+00 -1.5066531180983450e-11 -1.9130252462876830e-10
(Imag) 18 0.0000000000000000e+00 -4.5994988246986360e-12 -1.5144921922411272e-10
(Real) 19 0.0000000000000000e+00 9.6352064435082510e-12 -3.1766619966762740e-11
(Imag) 19 0.0000000000000000e+00 7.7732635362550850e-12 2.9244154322269087e-10
(Real) 20 0.0000000000000000e+00 -3.3261858448135740e-13 2.3180531110712704e-10
(Imag) 20 0.0000000000000000e+00 -1.2862265622823020e-11 -1.2792156535687226e-10
(Real) 21 0.0000000000000000e+00 -3.0269248382890824e-12 -2.0511084747470648e-10
(Imag) 21 0.0000000000000000e+00 6.6018189790766610e-12 -7.0080064243452160e-11
(Real) 22 0.0000000000000000e+00 8.3905149185508580e-12 1.2491167939777910e-11
(Imag) 22 0.0000000000000000e+00 -9.8365536808934700e-12 1.7778780558104560e-10
(Real) 23 0.0000000000000000e+00 -1.2111405818476857e-11 1.1044571712477839e-10
(Imag) 23 0.0000000000000000e+00 6.1563049784028270e-13 -5.0418981340750906e-11
(Real) 24 0.0000000000000000e+00 1.3207407780012760e-11 -5.0801631379242704e-11
(Imag) 24 0.0000000000000000e+00 4.0949799134137860e-12 -2.7820782252155754e-11
(Real) 25 0.0000000000000000e+00 -5.4275891747425645e-12 -2.3692581438731212e-11
(Imag) 25 0.0000000000000000e+00 -1.5529644567924387e-11 7.8349676576530790e-12
(Real) 26 0.0000000000000000e+00 -5.1288765824153480e-12 3.4265775934960266e-12
(Imag) 26 0.0000000000000000e+00 1.0388921539978683e-11 1.0776328024547923e-10
(Real) 27 0.0000000000000000e+00 1.1190594652466900e-11 9.6307661365064430e-11
(Imag) 27 0.0000000000000000e+00 -8.6354117526820620e-12 -4.6975927699682620e-11
(Real) 28 0.0000000000000000e+00 -1.2238769228634705e-11 -7.3538511615218470e-11
(Imag) 28 0.0000000000000000e+00 -4.2166968269786120e-12 -3.8256650202108890e-11
(Real) 29 0.0000000000000000e+00 8.4542896266601590e-12 -2.5091087332213342e-11
(Imag) 29 0.0000000000000000e+00 3.5125580595112240e-12 9.9419436199538290e-11
(Real) 30 0.0000000000000000e+00 -6.0285402219965790e-12 6.4219646982830670e-11
(Imag) 30 0.0000000000000000e+00 -1.2964497909727295e-11 1.3793431943565648e-11
(Real) 31 0.0000000000000000e+00 -4.1396385986599096e-12 7.0827010042607230e-11
(Imag) 31 0.0000000000000000e+00 1.0107845107404016e-11 -2.5571803835942968e-11
(Real) 32 0.0000000000000000e+00 9.6008136289242760e-12 -1.2012284183154906e-10
(Imag) 32 0.0000000000000000e+00 -1.0429153007984941e-11 -8.8271073587519510e-11
(Real) 33 0.0000000000000000e+00 -1.6213100255494036e-11 -6.3094610060189180e-13
(Imag) 33 0.0000000000000000e+00 -2.9227266609993210e-12 2.3738409723648580e-10
(Real) 34 0.0000000000000000e+00 6.6953966026330090e-12 2.7638509547525000e-10
(Imag) 34 0.0000000000000000e+00 8.1100577366133540e-12 -1.3038335718196183e-10
(Real) 35 0.0000000000000000e+00 -2.1898080662053568e-12 -3.0254203628111757e-10
(Imag) 35 0.0000000000000000e+00 -1.2232189237615004e-11 -1.5102753828253725e-10
(Real) 36 0.0000000000000000e+00 -6.6333611109031215e-12 1.0118072624692360e-10
(Imag) 36 0.0000000000000000e+00 5.6235892965829290e-12 3.7689457544058487e-10
(Real) 37 0.0000000000000000e+00 3.7644768495452620e-12 2.1606498304913290e-10
(Imag) 37 0.0000000000000000e+00 -5.4276049713923435e-12 -2.9762128952223470e-10
(Real) 38 0.0000000000000000e+00 -9.8471381556561130e-12 -3.0138802167373430e-10
(Imag) 38 0.0000000000000000e+00 1.9463211496673983e-12 6.5420230761366250e-11
(Real) 39 0.0000000000000000e+00 8.1497678617694770e-12 2.5904955937739434e-10
(Imag) 39 0.0000000000000000e+00 1.0661907168322225e-12 1.2673225375643817e-10
(Real) 40 0.0000000000000000e+00 -9.6852422829136320e-12 -1.2580362273885825e-10
(Imag) 40 0.0000000000000000e+00 -1.0095920456918332e-11 -2.0500630456960966e-10
(Real) 41 0.0000000000000000e+00 -4.6276112028702160e-12 6.0673229482940800e-11
(Imag) 41 0.0000000000000000e+00 1.1329209428735985e-11 2.6550785324720270e-10
(Real) 42 0.0000000000000000e+00 7.4932516437611720e-12 1.3173167286764805e-10
(Imag) 42 0.0000000000000000e+00 -6.2914536824404814e-12 -2.9892142739026980e-10
(Real) 43 0.0000000000000000e+00 -1.1398216000028013e-11 -3.1158195711745896e-10
(Imag) 43 0.0000000000000000e+00 -2.7536117784261390e-12 1.8898582695031942e-10
(Real) 44 0.0000000000000000e+00 4.9089812865499420e-14 4.2239177796500060e-10
(Imag) 44 0.0000000000000000e+00 3.7752271291119400e-12 7.5868851177253000e-11
(Real) 45 0.0000000000000000e+00 -3.5275971636243950e-12 -2.3315770986630050e-10
(Imag) 45 0.0000000000000000e+00 2.3327479666292550e-13 -3.4158325243667000e-10
(Real) 46 0.0000000000000000e+00 2.5469673799489757e-12 -2.4718908961057406e-11
(Imag) 46 0.0000000000000000e+00 5.0844657014135530e-13 3.8884459723365160e-10
(Real) 47 0.0000000000000000e+00 -8.0879665424555600e-12 2.6618291462413080e-10
(Imag) 47 0.0000000000000000e+00 -6.4829031457062070e-12 -2.6692574448043126e-10
(Real) 48 0.0000000000000000e+00 -4.8982495753191810e-12 -2.9631062888520067e-10
(Imag) 48 0.0000000000000000e+00 1.3314165759299791e-11 8.0299380872588840e-11
(Real) 49 0.0000000000000000e+00 9.8038411042941940e-12 2.9777918191893090e-10
(Imag) 49 0.0000000000000000e+00 -6.6428502287146240e-12 4.1488483693348820e-11
(Real) 50 0.0000000000000000e+00 -1.6169057559083260e-11 -2.1542829590796002e-10
(Imag) 50 0.0000000000000000e+00 -2.1069603386210676e-12 -1.7395564187716887e-10
(Real) 51 0.0000000000000000e+00 3.9137370231102270e-12 1.1351743650511234e-10
(Imag) 51 0.0000000000000000e+00 1.1622371337350087e-11 2.5484598780975170e-10
(Real) 52 0.0000000000000000e+00 -5.6822494382343870e-13 7.8674858472330730e-11
(Imag) 52 0.0000000000000000e+00 -7.4439960973618100e-12 -3.1526170152402380e-10
(Real) 53 0.0000000000000000e+00 -6.1559966510611430e-12 -2.0037291921802122e-10
(Imag) 53 0.0000000000000000e+00 7.1516437809560390e-12 2.3227537872465450e-10
(Real) 54 0.0000000000000000e+00 3.1194204103615793e-12 3.0477522778886640e-10
(Imag) 54 0.0000000000000000e+00 -1.6382835774959361e-12 -1.6602066316303798e-10
(Real) 55 0.0000000000000000e+00 -7.9926135558690270e-12 -3.3272457246879473e-10
(Imag) 55 0.0000000000000000e+00 4.3612209152897480e-12 -3.8362270607653330e-12
(Real) 56 0.0000000000000000e+00 6.0482005721996290e-12 3.3309886119785597e-10
(Imag) 56 0.0000000000000000e+00 4.2968962314628690e-12 2.0975817866310102e-10
(Real) 57 0.0000000000000000e+00 -5.2076613306872040e-12 -1.1546189424833872e-10
(Imag) 57 0.0000000000000000e+00 -3.9154815496583010e-12 -4.7725787957905920e-10
(Real) 58 0.0000000000000000e+00 -2.4120718956965203e-12 -2.5194895001313244e-10
(Imag) 58 0.0000000000000000e+00 7.7824027010575230e-12 4.7728527516396620e-10
(Real) 59 0.0000000000000000e+00 1.0884203373998295e-12 5.0030664151434670e-10
(Imag) 59 0.0000000000000000e+00 7.1399772958255890e-13 -1.7272807048105996e-10
(Real) 60 0.0000000000000000e+00 4.3968286333081790e-13 -3.2967013044788330e-10
(Imag) 60 0.0000000000000000e+00 2.9904208519927793e-12 -2.6694603763098530e-10
(Real) 61 0.0000000000000000e+00 -3.2454735317409896e-12 -8.6695760706359110e-11
(Imag) 61 0.0000000000000000e+00 -2.4241512832415870e-12 2.7087507645991410e-10
(Real) 62 0.0000000000000000e+00 -3.5150104396672752e-12 2.6135453394772314e-10
(Imag) 62 0.0000000000000000e+00 1.1818110044682365e-11 3.1406000696492050e-11
(Real) 63 0.0000000000000000e+00 1.0437356188546168e-11 7.2642239433424660e-11
(Imag) 63 0.0000000000000000e+00 -2.2760323532621180e-12 -2.9717689014549146e-10
(Real) 64 0.0000000000000000e+00 -1.3227636998531632e-11 -4.7034875282992880e-10
(Imag) 64 0.0000000000000000e+00 -8.4101075663172750e-13 -1.7664374693876332e-11
